   1 
   2 
   3 
   4 
   5 
   6 
   7 
   8 
   9 
  10 
  11 
  12 
  13 
  14 
  15 
  16 
  17 
  18 
  19 
  20 
  21 
  22 
  23 
  24 
  25 
  26 
  27 
  28 
  29 
  30 
  31 
  32 
  33 
  34 
  35 
  36 
  37 
  38 
  39 
  40 
  41 
  42 
  43 
  44 
  45 
  46 
  47 
  48 
  49 
  50 
  51 
  52 
  53 
  54 
  55 
  56 
  57 
  58 
  59 
  60 
  61 
  62 
  63 
  64 
  65 
  66 
  67 
  68 
  69 
  70 
  71 
  72 
  73 
  74 
  75 
  76 
  77 
  78 
  79 
  80 
  81 
  82 
 162 
 163 
 243 
 244 
 324 
 325 
 405 
 406 
 486 
 487 
 567 
 568 
 648 
 649 
 729 
 730 
 810 
 811 
 891 
 892 
 972 
 973 
1053 
1054 
1134 
1135 
1215 
1216 
1296 
1297 
1377 
1378 
1458 
1459 
1539 
1540 
1620 
1621 
1701 
1702 
1782 
1783 
1863 
1864 
1944 
1945 
2025 
2026 
2106 
2107 
2187 
2188 
2268 
2269 
2349 
2350 
2430 
2431 
2511 
2512 
2592 
2593 
2673 
2674 
2754 
2755 
2835 
2836 
2916 
2917 
2997 
2998 
3078 
3079 
3159 
3160 
3240 
3241 
3321 
3322 
3402 
3403 
3483 
3484 
3564 
3565 
3645 
3646 
3726 
3727 
3807 
3808 
3888 
3889 
3969 
3970 
4050 
4051 
4131 
4132 
4212 
4213 
4293 
4294 
4374 
4375 
4455 
4456 
4536 
4537 
4617 
4618 
4698 
4699 
4779 
4780 
4860 
4861 
4941 
4942 
5022 
5023 
5103 
5104 
5184 
5185 
5265 
5266 
5346 
5347 
5427 
5428 
5508 
5509 
5589 
5590 
5670 
5671 
5751 
5752 
5832 
5833 
5913 
5914 
5994 
5995 
6075 
6076 
6156 
6157 
6237 
6238 
6318 
6319 
6399 
6400 
6480 
6481 
6482 
6483 
6484 
6485 
6486 
6487 
6488 
6489 
6490 
6491 
6492 
6493 
6494 
6495 
6496 
6497 
6498 
6499 
6500 
6501 
6502 
6503 
6504 
6505 
6506 
6507 
6508 
6509 
6510 
6511 
6512 
6513 
6514 
6515 
6516 
6517 
6518 
6519 
6520 
6521 
6522 
6523 
6524 
6525 
6526 
6527 
6528 
6529 
6530 
6531 
6532 
6533 
6534 
6535 
6536 
6537 
6538 
6539 
6540 
6541 
6542 
6543 
6544 
6545 
6546 
6547 
6548 
6549 
6550 
6551 
6552 
6553 
6554 
6555 
6556 
6557 
6558 
6559 
6560 
6561 
