   1    53    52 
  53     1     2 
   2    54    53 
  54     2     3 
   3    55    54 
  55     3     4 
   4    56    55 
  56     4     5 
   5    57    56 
  57     5     6 
   6    58    57 
  58     6     7 
   7    59    58 
  59     7     8 
   8    60    59 
  60     8     9 
   9    61    60 
  61     9    10 
  10    62    61 
  62    10    11 
  11    63    62 
  63    11    12 
  12    64    63 
  64    12    13 
  13    65    64 
  65    13    14 
  14    66    65 
  66    14    15 
  15    67    66 
  67    15    16 
  16    68    67 
  68    16    17 
  17    69    68 
  69    17    18 
  18    70    69 
  70    18    19 
  19    71    70 
  71    19    20 
  20    72    71 
  72    20    21 
  21    73    72 
  73    21    22 
  22    74    73 
  74    22    23 
  23    75    74 
  75    23    24 
  24    76    75 
  76    24    25 
  25    77    76 
  77    25    26 
  26    78    77 
  78    26    27 
  27    79    78 
  79    27    28 
  28    80    79 
  80    28    29 
  29    81    80 
  81    29    30 
  30    82    81 
  82    30    31 
  31    83    82 
  83    31    32 
  32    84    83 
  84    32    33 
  33    85    84 
  85    33    34 
  34    86    85 
  86    34    35 
  35    87    86 
  87    35    36 
  36    88    87 
  88    36    37 
  37    89    88 
  89    37    38 
  38    90    89 
  90    38    39 
  39    91    90 
  91    39    40 
  40    92    91 
  92    40    41 
  41    93    92 
  93    41    42 
  42    94    93 
  94    42    43 
  43    95    94 
  95    43    44 
  44    96    95 
  96    44    45 
  45    97    96 
  97    45    46 
  46    98    97 
  98    46    47 
  47    99    98 
  99    47    48 
  48   100    99 
 100    48    49 
  49   101   100 
 101    49    50 
  50   102   101 
 102    50    51 
  52   104   103 
 104    52    53 
  53   105   104 
 105    53    54 
  54   106   105 
 106    54    55 
  55   107   106 
 107    55    56 
  56   108   107 
 108    56    57 
  57   109   108 
 109    57    58 
  58   110   109 
 110    58    59 
  59   111   110 
 111    59    60 
  60   112   111 
 112    60    61 
  61   113   112 
 113    61    62 
  62   114   113 
 114    62    63 
  63   115   114 
 115    63    64 
  64   116   115 
 116    64    65 
  65   117   116 
 117    65    66 
  66   118   117 
 118    66    67 
  67   119   118 
 119    67    68 
  68   120   119 
 120    68    69 
  69   121   120 
 121    69    70 
  70   122   121 
 122    70    71 
  71   123   122 
 123    71    72 
  72   124   123 
 124    72    73 
  73   125   124 
 125    73    74 
  74   126   125 
 126    74    75 
  75   127   126 
 127    75    76 
  76   128   127 
 128    76    77 
  77   129   128 
 129    77    78 
  78   130   129 
 130    78    79 
  79   131   130 
 131    79    80 
  80   132   131 
 132    80    81 
  81   133   132 
 133    81    82 
  82   134   133 
 134    82    83 
  83   135   134 
 135    83    84 
  84   136   135 
 136    84    85 
  85   137   136 
 137    85    86 
  86   138   137 
 138    86    87 
  87   139   138 
 139    87    88 
  88   140   139 
 140    88    89 
  89   141   140 
 141    89    90 
  90   142   141 
 142    90    91 
  91   143   142 
 143    91    92 
  92   144   143 
 144    92    93 
  93   145   144 
 145    93    94 
  94   146   145 
 146    94    95 
  95   147   146 
 147    95    96 
  96   148   147 
 148    96    97 
  97   149   148 
 149    97    98 
  98   150   149 
 150    98    99 
  99   151   150 
 151    99   100 
 100   152   151 
 152   100   101 
 101   153   152 
 153   101   102 
 103   155   154 
 155   103   104 
 104   156   155 
 156   104   105 
 105   157   156 
 157   105   106 
 106   158   157 
 158   106   107 
 107   159   158 
 159   107   108 
 108   160   159 
 160   108   109 
 109   161   160 
 161   109   110 
 110   162   161 
 162   110   111 
 111   163   162 
 163   111   112 
 112   164   163 
 164   112   113 
 113   165   164 
 165   113   114 
 114   166   165 
 166   114   115 
 115   167   166 
 167   115   116 
 116   168   167 
 168   116   117 
 117   169   168 
 169   117   118 
 118   170   169 
 170   118   119 
 119   171   170 
 171   119   120 
 120   172   171 
 172   120   121 
 121   173   172 
 173   121   122 
 122   174   173 
 174   122   123 
 123   175   174 
 175   123   124 
 124   176   175 
 176   124   125 
 125   177   176 
 177   125   126 
 126   178   177 
 178   126   127 
 127   179   178 
 179   127   128 
 128   180   179 
 180   128   129 
 129   181   180 
 181   129   130 
 130   182   181 
 182   130   131 
 131   183   182 
 183   131   132 
 132   184   183 
 184   132   133 
 133   185   184 
 185   133   134 
 134   186   185 
 186   134   135 
 135   187   186 
 187   135   136 
 136   188   187 
 188   136   137 
 137   189   188 
 189   137   138 
 138   190   189 
 190   138   139 
 139   191   190 
 191   139   140 
 140   192   191 
 192   140   141 
 141   193   192 
 193   141   142 
 142   194   193 
 194   142   143 
 143   195   194 
 195   143   144 
 144   196   195 
 196   144   145 
 145   197   196 
 197   145   146 
 146   198   197 
 198   146   147 
 147   199   198 
 199   147   148 
 148   200   199 
 200   148   149 
 149   201   200 
 201   149   150 
 150   202   201 
 202   150   151 
 151   203   202 
 203   151   152 
 152   204   203 
 204   152   153 
 154   206   205 
 206   154   155 
 155   207   206 
 207   155   156 
 156   208   207 
 208   156   157 
 157   209   208 
 209   157   158 
 158   210   209 
 210   158   159 
 159   211   210 
 211   159   160 
 160   212   211 
 212   160   161 
 161   213   212 
 213   161   162 
 162   214   213 
 214   162   163 
 163   215   214 
 215   163   164 
 164   216   215 
 216   164   165 
 165   217   216 
 217   165   166 
 166   218   217 
 218   166   167 
 167   219   218 
 219   167   168 
 168   220   219 
 220   168   169 
 169   221   220 
 221   169   170 
 170   222   221 
 222   170   171 
 171   223   222 
 223   171   172 
 172   224   223 
 224   172   173 
 173   225   224 
 225   173   174 
 174   226   225 
 226   174   175 
 175   227   226 
 227   175   176 
 176   228   227 
 228   176   177 
 177   229   228 
 229   177   178 
 178   230   229 
 230   178   179 
 179   231   230 
 231   179   180 
 180   232   231 
 232   180   181 
 181   233   232 
 233   181   182 
 182   234   233 
 234   182   183 
 183   235   234 
 235   183   184 
 184   236   235 
 236   184   185 
 185   237   236 
 237   185   186 
 186   238   237 
 238   186   187 
 187   239   238 
 239   187   188 
 188   240   239 
 240   188   189 
 189   241   240 
 241   189   190 
 190   242   241 
 242   190   191 
 191   243   242 
 243   191   192 
 192   244   243 
 244   192   193 
 193   245   244 
 245   193   194 
 194   246   245 
 246   194   195 
 195   247   246 
 247   195   196 
 196   248   247 
 248   196   197 
 197   249   248 
 249   197   198 
 198   250   249 
 250   198   199 
 199   251   250 
 251   199   200 
 200   252   251 
 252   200   201 
 201   253   252 
 253   201   202 
 202   254   253 
 254   202   203 
 203   255   254 
 255   203   204 
 205   257   256 
 257   205   206 
 206   258   257 
 258   206   207 
 207   259   258 
 259   207   208 
 208   260   259 
 260   208   209 
 209   261   260 
 261   209   210 
 210   262   261 
 262   210   211 
 211   263   262 
 263   211   212 
 212   264   263 
 264   212   213 
 213   265   264 
 265   213   214 
 214   266   265 
 266   214   215 
 215   267   266 
 267   215   216 
 216   268   267 
 268   216   217 
 217   269   268 
 269   217   218 
 218   270   269 
 270   218   219 
 219   271   270 
 271   219   220 
 220   272   271 
 272   220   221 
 221   273   272 
 273   221   222 
 222   274   273 
 274   222   223 
 223   275   274 
 275   223   224 
 224   276   275 
 276   224   225 
 225   277   276 
 277   225   226 
 226   278   277 
 278   226   227 
 227   279   278 
 279   227   228 
 228   280   279 
 280   228   229 
 229   281   280 
 281   229   230 
 230   282   281 
 282   230   231 
 231   283   282 
 283   231   232 
 232   284   283 
 284   232   233 
 233   285   284 
 285   233   234 
 234   286   285 
 286   234   235 
 235   287   286 
 287   235   236 
 236   288   287 
 288   236   237 
 237   289   288 
 289   237   238 
 238   290   289 
 290   238   239 
 239   291   290 
 291   239   240 
 240   292   291 
 292   240   241 
 241   293   292 
 293   241   242 
 242   294   293 
 294   242   243 
 243   295   294 
 295   243   244 
 244   296   295 
 296   244   245 
 245   297   296 
 297   245   246 
 246   298   297 
 298   246   247 
 247   299   298 
 299   247   248 
 248   300   299 
 300   248   249 
 249   301   300 
 301   249   250 
 250   302   301 
 302   250   251 
 251   303   302 
 303   251   252 
 252   304   303 
 304   252   253 
 253   305   304 
 305   253   254 
 254   306   305 
 306   254   255 
 256   308   307 
 308   256   257 
 257   309   308 
 309   257   258 
 258   310   309 
 310   258   259 
 259   311   310 
 311   259   260 
 260   312   311 
 312   260   261 
 261   313   312 
 313   261   262 
 262   314   313 
 314   262   263 
 263   315   314 
 315   263   264 
 264   316   315 
 316   264   265 
 265   317   316 
 317   265   266 
 266   318   317 
 318   266   267 
 267   319   318 
 319   267   268 
 268   320   319 
 320   268   269 
 269   321   320 
 321   269   270 
 270   322   321 
 322   270   271 
 271   323   322 
 323   271   272 
 272   324   323 
 324   272   273 
 273   325   324 
 325   273   274 
 274   326   325 
 326   274   275 
 275   327   326 
 327   275   276 
 276   328   327 
 328   276   277 
 277   329   328 
 329   277   278 
 278   330   329 
 330   278   279 
 279   331   330 
 331   279   280 
 280   332   331 
 332   280   281 
 281   333   332 
 333   281   282 
 282   334   333 
 334   282   283 
 283   335   334 
 335   283   284 
 284   336   335 
 336   284   285 
 285   337   336 
 337   285   286 
 286   338   337 
 338   286   287 
 287   339   338 
 339   287   288 
 288   340   339 
 340   288   289 
 289   341   340 
 341   289   290 
 290   342   341 
 342   290   291 
 291   343   342 
 343   291   292 
 292   344   343 
 344   292   293 
 293   345   344 
 345   293   294 
 294   346   345 
 346   294   295 
 295   347   346 
 347   295   296 
 296   348   347 
 348   296   297 
 297   349   348 
 349   297   298 
 298   350   349 
 350   298   299 
 299   351   350 
 351   299   300 
 300   352   351 
 352   300   301 
 301   353   352 
 353   301   302 
 302   354   353 
 354   302   303 
 303   355   354 
 355   303   304 
 304   356   355 
 356   304   305 
 305   357   356 
 357   305   306 
 307   359   358 
 359   307   308 
 308   360   359 
 360   308   309 
 309   361   360 
 361   309   310 
 310   362   361 
 362   310   311 
 311   363   362 
 363   311   312 
 312   364   363 
 364   312   313 
 313   365   364 
 365   313   314 
 314   366   365 
 366   314   315 
 315   367   366 
 367   315   316 
 316   368   367 
 368   316   317 
 317   369   368 
 369   317   318 
 318   370   369 
 370   318   319 
 319   371   370 
 371   319   320 
 320   372   371 
 372   320   321 
 321   373   372 
 373   321   322 
 322   374   373 
 374   322   323 
 323   375   374 
 375   323   324 
 324   376   375 
 376   324   325 
 325   377   376 
 377   325   326 
 326   378   377 
 378   326   327 
 327   379   378 
 379   327   328 
 328   380   379 
 380   328   329 
 329   381   380 
 381   329   330 
 330   382   381 
 382   330   331 
 331   383   382 
 383   331   332 
 332   384   383 
 384   332   333 
 333   385   384 
 385   333   334 
 334   386   385 
 386   334   335 
 335   387   386 
 387   335   336 
 336   388   387 
 388   336   337 
 337   389   388 
 389   337   338 
 338   390   389 
 390   338   339 
 339   391   390 
 391   339   340 
 340   392   391 
 392   340   341 
 341   393   392 
 393   341   342 
 342   394   393 
 394   342   343 
 343   395   394 
 395   343   344 
 344   396   395 
 396   344   345 
 345   397   396 
 397   345   346 
 346   398   397 
 398   346   347 
 347   399   398 
 399   347   348 
 348   400   399 
 400   348   349 
 349   401   400 
 401   349   350 
 350   402   401 
 402   350   351 
 351   403   402 
 403   351   352 
 352   404   403 
 404   352   353 
 353   405   404 
 405   353   354 
 354   406   405 
 406   354   355 
 355   407   406 
 407   355   356 
 356   408   407 
 408   356   357 
 358   410   409 
 410   358   359 
 359   411   410 
 411   359   360 
 360   412   411 
 412   360   361 
 361   413   412 
 413   361   362 
 362   414   413 
 414   362   363 
 363   415   414 
 415   363   364 
 364   416   415 
 416   364   365 
 365   417   416 
 417   365   366 
 366   418   417 
 418   366   367 
 367   419   418 
 419   367   368 
 368   420   419 
 420   368   369 
 369   421   420 
 421   369   370 
 370   422   421 
 422   370   371 
 371   423   422 
 423   371   372 
 372   424   423 
 424   372   373 
 373   425   424 
 425   373   374 
 374   426   425 
 426   374   375 
 375   427   426 
 427   375   376 
 376   428   427 
 428   376   377 
 377   429   428 
 429   377   378 
 378   430   429 
 430   378   379 
 379   431   430 
 431   379   380 
 380   432   431 
 432   380   381 
 381   433   432 
 433   381   382 
 382   434   433 
 434   382   383 
 383   435   434 
 435   383   384 
 384   436   435 
 436   384   385 
 385   437   436 
 437   385   386 
 386   438   437 
 438   386   387 
 387   439   438 
 439   387   388 
 388   440   439 
 440   388   389 
 389   441   440 
 441   389   390 
 390   442   441 
 442   390   391 
 391   443   442 
 443   391   392 
 392   444   443 
 444   392   393 
 393   445   444 
 445   393   394 
 394   446   445 
 446   394   395 
 395   447   446 
 447   395   396 
 396   448   447 
 448   396   397 
 397   449   448 
 449   397   398 
 398   450   449 
 450   398   399 
 399   451   450 
 451   399   400 
 400   452   451 
 452   400   401 
 401   453   452 
 453   401   402 
 402   454   453 
 454   402   403 
 403   455   454 
 455   403   404 
 404   456   455 
 456   404   405 
 405   457   456 
 457   405   406 
 406   458   457 
 458   406   407 
 407   459   458 
 459   407   408 
 409   461   460 
 461   409   410 
 410   462   461 
 462   410   411 
 411   463   462 
 463   411   412 
 412   464   463 
 464   412   413 
 413   465   464 
 465   413   414 
 414   466   465 
 466   414   415 
 415   467   466 
 467   415   416 
 416   468   467 
 468   416   417 
 417   469   468 
 469   417   418 
 418   470   469 
 470   418   419 
 419   471   470 
 471   419   420 
 420   472   471 
 472   420   421 
 421   473   472 
 473   421   422 
 422   474   473 
 474   422   423 
 423   475   474 
 475   423   424 
 424   476   475 
 476   424   425 
 425   477   476 
 477   425   426 
 426   478   477 
 478   426   427 
 427   479   478 
 479   427   428 
 428   480   479 
 480   428   429 
 429   481   480 
 481   429   430 
 430   482   481 
 482   430   431 
 431   483   482 
 483   431   432 
 432   484   483 
 484   432   433 
 433   485   484 
 485   433   434 
 434   486   485 
 486   434   435 
 435   487   486 
 487   435   436 
 436   488   487 
 488   436   437 
 437   489   488 
 489   437   438 
 438   490   489 
 490   438   439 
 439   491   490 
 491   439   440 
 440   492   491 
 492   440   441 
 441   493   492 
 493   441   442 
 442   494   493 
 494   442   443 
 443   495   494 
 495   443   444 
 444   496   495 
 496   444   445 
 445   497   496 
 497   445   446 
 446   498   497 
 498   446   447 
 447   499   498 
 499   447   448 
 448   500   499 
 500   448   449 
 449   501   500 
 501   449   450 
 450   502   501 
 502   450   451 
 451   503   502 
 503   451   452 
 452   504   503 
 504   452   453 
 453   505   504 
 505   453   454 
 454   506   505 
 506   454   455 
 455   507   506 
 507   455   456 
 456   508   507 
 508   456   457 
 457   509   508 
 509   457   458 
 458   510   509 
 510   458   459 
 460   512   511 
 512   460   461 
 461   513   512 
 513   461   462 
 462   514   513 
 514   462   463 
 463   515   514 
 515   463   464 
 464   516   515 
 516   464   465 
 465   517   516 
 517   465   466 
 466   518   517 
 518   466   467 
 467   519   518 
 519   467   468 
 468   520   519 
 520   468   469 
 469   521   520 
 521   469   470 
 470   522   521 
 522   470   471 
 471   523   522 
 523   471   472 
 472   524   523 
 524   472   473 
 473   525   524 
 525   473   474 
 474   526   525 
 526   474   475 
 475   527   526 
 527   475   476 
 476   528   527 
 528   476   477 
 477   529   528 
 529   477   478 
 478   530   529 
 530   478   479 
 479   531   530 
 531   479   480 
 480   532   531 
 532   480   481 
 481   533   532 
 533   481   482 
 482   534   533 
 534   482   483 
 483   535   534 
 535   483   484 
 484   536   535 
 536   484   485 
 485   537   536 
 537   485   486 
 486   538   537 
 538   486   487 
 487   539   538 
 539   487   488 
 488   540   539 
 540   488   489 
 489   541   540 
 541   489   490 
 490   542   541 
 542   490   491 
 491   543   542 
 543   491   492 
 492   544   543 
 544   492   493 
 493   545   544 
 545   493   494 
 494   546   545 
 546   494   495 
 495   547   546 
 547   495   496 
 496   548   547 
 548   496   497 
 497   549   548 
 549   497   498 
 498   550   549 
 550   498   499 
 499   551   550 
 551   499   500 
 500   552   551 
 552   500   501 
 501   553   552 
 553   501   502 
 502   554   553 
 554   502   503 
 503   555   554 
 555   503   504 
 504   556   555 
 556   504   505 
 505   557   556 
 557   505   506 
 506   558   557 
 558   506   507 
 507   559   558 
 559   507   508 
 508   560   559 
 560   508   509 
 509   561   560 
 561   509   510 
 511   563   562 
 563   511   512 
 512   564   563 
 564   512   513 
 513   565   564 
 565   513   514 
 514   566   565 
 566   514   515 
 515   567   566 
 567   515   516 
 516   568   567 
 568   516   517 
 517   569   568 
 569   517   518 
 518   570   569 
 570   518   519 
 519   571   570 
 571   519   520 
 520   572   571 
 572   520   521 
 521   573   572 
 573   521   522 
 522   574   573 
 574   522   523 
 523   575   574 
 575   523   524 
 524   576   575 
 576   524   525 
 525   577   576 
 577   525   526 
 526   578   577 
 578   526   527 
 527   579   578 
 579   527   528 
 528   580   579 
 580   528   529 
 529   581   580 
 581   529   530 
 530   582   581 
 582   530   531 
 531   583   582 
 583   531   532 
 532   584   583 
 584   532   533 
 533   585   584 
 585   533   534 
 534   586   585 
 586   534   535 
 535   587   586 
 587   535   536 
 536   588   587 
 588   536   537 
 537   589   588 
 589   537   538 
 538   590   589 
 590   538   539 
 539   591   590 
 591   539   540 
 540   592   591 
 592   540   541 
 541   593   592 
 593   541   542 
 542   594   593 
 594   542   543 
 543   595   594 
 595   543   544 
 544   596   595 
 596   544   545 
 545   597   596 
 597   545   546 
 546   598   597 
 598   546   547 
 547   599   598 
 599   547   548 
 548   600   599 
 600   548   549 
 549   601   600 
 601   549   550 
 550   602   601 
 602   550   551 
 551   603   602 
 603   551   552 
 552   604   603 
 604   552   553 
 553   605   604 
 605   553   554 
 554   606   605 
 606   554   555 
 555   607   606 
 607   555   556 
 556   608   607 
 608   556   557 
 557   609   608 
 609   557   558 
 558   610   609 
 610   558   559 
 559   611   610 
 611   559   560 
 560   612   611 
 612   560   561 
 562   614   613 
 614   562   563 
 563   615   614 
 615   563   564 
 564   616   615 
 616   564   565 
 565   617   616 
 617   565   566 
 566   618   617 
 618   566   567 
 567   619   618 
 619   567   568 
 568   620   619 
 620   568   569 
 569   621   620 
 621   569   570 
 570   622   621 
 622   570   571 
 571   623   622 
 623   571   572 
 572   624   623 
 624   572   573 
 573   625   624 
 625   573   574 
 574   626   625 
 626   574   575 
 575   627   626 
 627   575   576 
 576   628   627 
 628   576   577 
 577   629   628 
 629   577   578 
 578   630   629 
 630   578   579 
 579   631   630 
 631   579   580 
 580   632   631 
 632   580   581 
 581   633   632 
 633   581   582 
 582   634   633 
 634   582   583 
 583   635   634 
 635   583   584 
 584   636   635 
 636   584   585 
 585   637   636 
 637   585   586 
 586   638   637 
 638   586   587 
 587   639   638 
 639   587   588 
 588   640   639 
 640   588   589 
 589   641   640 
 641   589   590 
 590   642   641 
 642   590   591 
 591   643   642 
 643   591   592 
 592   644   643 
 644   592   593 
 593   645   644 
 645   593   594 
 594   646   645 
 646   594   595 
 595   647   646 
 647   595   596 
 596   648   647 
 648   596   597 
 597   649   648 
 649   597   598 
 598   650   649 
 650   598   599 
 599   651   650 
 651   599   600 
 600   652   651 
 652   600   601 
 601   653   652 
 653   601   602 
 602   654   653 
 654   602   603 
 603   655   654 
 655   603   604 
 604   656   655 
 656   604   605 
 605   657   656 
 657   605   606 
 606   658   657 
 658   606   607 
 607   659   658 
 659   607   608 
 608   660   659 
 660   608   609 
 609   661   660 
 661   609   610 
 610   662   661 
 662   610   611 
 611   663   662 
 663   611   612 
 613   665   664 
 665   613   614 
 614   666   665 
 666   614   615 
 615   667   666 
 667   615   616 
 616   668   667 
 668   616   617 
 617   669   668 
 669   617   618 
 618   670   669 
 670   618   619 
 619   671   670 
 671   619   620 
 620   672   671 
 672   620   621 
 621   673   672 
 673   621   622 
 622   674   673 
 674   622   623 
 623   675   674 
 675   623   624 
 624   676   675 
 676   624   625 
 625   677   676 
 677   625   626 
 626   678   677 
 678   626   627 
 627   679   678 
 679   627   628 
 628   680   679 
 680   628   629 
 629   681   680 
 681   629   630 
 630   682   681 
 682   630   631 
 631   683   682 
 683   631   632 
 632   684   683 
 684   632   633 
 633   685   684 
 685   633   634 
 634   686   685 
 686   634   635 
 635   687   686 
 687   635   636 
 636   688   687 
 688   636   637 
 637   689   688 
 689   637   638 
 638   690   689 
 690   638   639 
 639   691   690 
 691   639   640 
 640   692   691 
 692   640   641 
 641   693   692 
 693   641   642 
 642   694   693 
 694   642   643 
 643   695   694 
 695   643   644 
 644   696   695 
 696   644   645 
 645   697   696 
 697   645   646 
 646   698   697 
 698   646   647 
 647   699   698 
 699   647   648 
 648   700   699 
 700   648   649 
 649   701   700 
 701   649   650 
 650   702   701 
 702   650   651 
 651   703   702 
 703   651   652 
 652   704   703 
 704   652   653 
 653   705   704 
 705   653   654 
 654   706   705 
 706   654   655 
 655   707   706 
 707   655   656 
 656   708   707 
 708   656   657 
 657   709   708 
 709   657   658 
 658   710   709 
 710   658   659 
 659   711   710 
 711   659   660 
 660   712   711 
 712   660   661 
 661   713   712 
 713   661   662 
 662   714   713 
 714   662   663 
 664   716   715 
 716   664   665 
 665   717   716 
 717   665   666 
 666   718   717 
 718   666   667 
 667   719   718 
 719   667   668 
 668   720   719 
 720   668   669 
 669   721   720 
 721   669   670 
 670   722   721 
 722   670   671 
 671   723   722 
 723   671   672 
 672   724   723 
 724   672   673 
 673   725   724 
 725   673   674 
 674   726   725 
 726   674   675 
 675   727   726 
 727   675   676 
 676   728   727 
 728   676   677 
 677   729   728 
 729   677   678 
 678   730   729 
 730   678   679 
 679   731   730 
 731   679   680 
 680   732   731 
 732   680   681 
 681   733   732 
 733   681   682 
 682   734   733 
 734   682   683 
 683   735   734 
 735   683   684 
 684   736   735 
 736   684   685 
 685   737   736 
 737   685   686 
 686   738   737 
 738   686   687 
 687   739   738 
 739   687   688 
 688   740   739 
 740   688   689 
 689   741   740 
 741   689   690 
 690   742   741 
 742   690   691 
 691   743   742 
 743   691   692 
 692   744   743 
 744   692   693 
 693   745   744 
 745   693   694 
 694   746   745 
 746   694   695 
 695   747   746 
 747   695   696 
 696   748   747 
 748   696   697 
 697   749   748 
 749   697   698 
 698   750   749 
 750   698   699 
 699   751   750 
 751   699   700 
 700   752   751 
 752   700   701 
 701   753   752 
 753   701   702 
 702   754   753 
 754   702   703 
 703   755   754 
 755   703   704 
 704   756   755 
 756   704   705 
 705   757   756 
 757   705   706 
 706   758   757 
 758   706   707 
 707   759   758 
 759   707   708 
 708   760   759 
 760   708   709 
 709   761   760 
 761   709   710 
 710   762   761 
 762   710   711 
 711   763   762 
 763   711   712 
 712   764   763 
 764   712   713 
 713   765   764 
 765   713   714 
 715   767   766 
 767   715   716 
 716   768   767 
 768   716   717 
 717   769   768 
 769   717   718 
 718   770   769 
 770   718   719 
 719   771   770 
 771   719   720 
 720   772   771 
 772   720   721 
 721   773   772 
 773   721   722 
 722   774   773 
 774   722   723 
 723   775   774 
 775   723   724 
 724   776   775 
 776   724   725 
 725   777   776 
 777   725   726 
 726   778   777 
 778   726   727 
 727   779   778 
 779   727   728 
 728   780   779 
 780   728   729 
 729   781   780 
 781   729   730 
 730   782   781 
 782   730   731 
 731   783   782 
 783   731   732 
 732   784   783 
 784   732   733 
 733   785   784 
 785   733   734 
 734   786   785 
 786   734   735 
 735   787   786 
 787   735   736 
 736   788   787 
 788   736   737 
 737   789   788 
 789   737   738 
 738   790   789 
 790   738   739 
 739   791   790 
 791   739   740 
 740   792   791 
 792   740   741 
 741   793   792 
 793   741   742 
 742   794   793 
 794   742   743 
 743   795   794 
 795   743   744 
 744   796   795 
 796   744   745 
 745   797   796 
 797   745   746 
 746   798   797 
 798   746   747 
 747   799   798 
 799   747   748 
 748   800   799 
 800   748   749 
 749   801   800 
 801   749   750 
 750   802   801 
 802   750   751 
 751   803   802 
 803   751   752 
 752   804   803 
 804   752   753 
 753   805   804 
 805   753   754 
 754   806   805 
 806   754   755 
 755   807   806 
 807   755   756 
 756   808   807 
 808   756   757 
 757   809   808 
 809   757   758 
 758   810   809 
 810   758   759 
 759   811   810 
 811   759   760 
 760   812   811 
 812   760   761 
 761   813   812 
 813   761   762 
 762   814   813 
 814   762   763 
 763   815   814 
 815   763   764 
 764   816   815 
 816   764   765 
 766   818   817 
 818   766   767 
 767   819   818 
 819   767   768 
 768   820   819 
 820   768   769 
 769   821   820 
 821   769   770 
 770   822   821 
 822   770   771 
 771   823   822 
 823   771   772 
 772   824   823 
 824   772   773 
 773   825   824 
 825   773   774 
 774   826   825 
 826   774   775 
 775   827   826 
 827   775   776 
 776   828   827 
 828   776   777 
 777   829   828 
 829   777   778 
 778   830   829 
 830   778   779 
 779   831   830 
 831   779   780 
 780   832   831 
 832   780   781 
 781   833   832 
 833   781   782 
 782   834   833 
 834   782   783 
 783   835   834 
 835   783   784 
 784   836   835 
 836   784   785 
 785   837   836 
 837   785   786 
 786   838   837 
 838   786   787 
 787   839   838 
 839   787   788 
 788   840   839 
 840   788   789 
 789   841   840 
 841   789   790 
 790   842   841 
 842   790   791 
 791   843   842 
 843   791   792 
 792   844   843 
 844   792   793 
 793   845   844 
 845   793   794 
 794   846   845 
 846   794   795 
 795   847   846 
 847   795   796 
 796   848   847 
 848   796   797 
 797   849   848 
 849   797   798 
 798   850   849 
 850   798   799 
 799   851   850 
 851   799   800 
 800   852   851 
 852   800   801 
 801   853   852 
 853   801   802 
 802   854   853 
 854   802   803 
 803   855   854 
 855   803   804 
 804   856   855 
 856   804   805 
 805   857   856 
 857   805   806 
 806   858   857 
 858   806   807 
 807   859   858 
 859   807   808 
 808   860   859 
 860   808   809 
 809   861   860 
 861   809   810 
 810   862   861 
 862   810   811 
 811   863   862 
 863   811   812 
 812   864   863 
 864   812   813 
 813   865   864 
 865   813   814 
 814   866   865 
 866   814   815 
 815   867   866 
 867   815   816 
 817   869   868 
 869   817   818 
 818   870   869 
 870   818   819 
 819   871   870 
 871   819   820 
 820   872   871 
 872   820   821 
 821   873   872 
 873   821   822 
 822   874   873 
 874   822   823 
 823   875   874 
 875   823   824 
 824   876   875 
 876   824   825 
 825   877   876 
 877   825   826 
 826   878   877 
 878   826   827 
 827   879   878 
 879   827   828 
 828   880   879 
 880   828   829 
 829   881   880 
 881   829   830 
 830   882   881 
 882   830   831 
 831   883   882 
 883   831   832 
 832   884   883 
 884   832   833 
 833   885   884 
 885   833   834 
 834   886   885 
 886   834   835 
 835   887   886 
 887   835   836 
 836   888   887 
 888   836   837 
 837   889   888 
 889   837   838 
 838   890   889 
 890   838   839 
 839   891   890 
 891   839   840 
 840   892   891 
 892   840   841 
 841   893   892 
 893   841   842 
 842   894   893 
 894   842   843 
 843   895   894 
 895   843   844 
 844   896   895 
 896   844   845 
 845   897   896 
 897   845   846 
 846   898   897 
 898   846   847 
 847   899   898 
 899   847   848 
 848   900   899 
 900   848   849 
 849   901   900 
 901   849   850 
 850   902   901 
 902   850   851 
 851   903   902 
 903   851   852 
 852   904   903 
 904   852   853 
 853   905   904 
 905   853   854 
 854   906   905 
 906   854   855 
 855   907   906 
 907   855   856 
 856   908   907 
 908   856   857 
 857   909   908 
 909   857   858 
 858   910   909 
 910   858   859 
 859   911   910 
 911   859   860 
 860   912   911 
 912   860   861 
 861   913   912 
 913   861   862 
 862   914   913 
 914   862   863 
 863   915   914 
 915   863   864 
 864   916   915 
 916   864   865 
 865   917   916 
 917   865   866 
 866   918   917 
 918   866   867 
 868   920   919 
 920   868   869 
 869   921   920 
 921   869   870 
 870   922   921 
 922   870   871 
 871   923   922 
 923   871   872 
 872   924   923 
 924   872   873 
 873   925   924 
 925   873   874 
 874   926   925 
 926   874   875 
 875   927   926 
 927   875   876 
 876   928   927 
 928   876   877 
 877   929   928 
 929   877   878 
 878   930   929 
 930   878   879 
 879   931   930 
 931   879   880 
 880   932   931 
 932   880   881 
 881   933   932 
 933   881   882 
 882   934   933 
 934   882   883 
 883   935   934 
 935   883   884 
 884   936   935 
 936   884   885 
 885   937   936 
 937   885   886 
 886   938   937 
 938   886   887 
 887   939   938 
 939   887   888 
 888   940   939 
 940   888   889 
 889   941   940 
 941   889   890 
 890   942   941 
 942   890   891 
 891   943   942 
 943   891   892 
 892   944   943 
 944   892   893 
 893   945   944 
 945   893   894 
 894   946   945 
 946   894   895 
 895   947   946 
 947   895   896 
 896   948   947 
 948   896   897 
 897   949   948 
 949   897   898 
 898   950   949 
 950   898   899 
 899   951   950 
 951   899   900 
 900   952   951 
 952   900   901 
 901   953   952 
 953   901   902 
 902   954   953 
 954   902   903 
 903   955   954 
 955   903   904 
 904   956   955 
 956   904   905 
 905   957   956 
 957   905   906 
 906   958   957 
 958   906   907 
 907   959   958 
 959   907   908 
 908   960   959 
 960   908   909 
 909   961   960 
 961   909   910 
 910   962   961 
 962   910   911 
 911   963   962 
 963   911   912 
 912   964   963 
 964   912   913 
 913   965   964 
 965   913   914 
 914   966   965 
 966   914   915 
 915   967   966 
 967   915   916 
 916   968   967 
 968   916   917 
 917   969   968 
 969   917   918 
 919   971   970 
 971   919   920 
 920   972   971 
 972   920   921 
 921   973   972 
 973   921   922 
 922   974   973 
 974   922   923 
 923   975   974 
 975   923   924 
 924   976   975 
 976   924   925 
 925   977   976 
 977   925   926 
 926   978   977 
 978   926   927 
 927   979   978 
 979   927   928 
 928   980   979 
 980   928   929 
 929   981   980 
 981   929   930 
 930   982   981 
 982   930   931 
 931   983   982 
 983   931   932 
 932   984   983 
 984   932   933 
 933   985   984 
 985   933   934 
 934   986   985 
 986   934   935 
 935   987   986 
 987   935   936 
 936   988   987 
 988   936   937 
 937   989   988 
 989   937   938 
 938   990   989 
 990   938   939 
 939   991   990 
 991   939   940 
 940   992   991 
 992   940   941 
 941   993   992 
 993   941   942 
 942   994   993 
 994   942   943 
 943   995   994 
 995   943   944 
 944   996   995 
 996   944   945 
 945   997   996 
 997   945   946 
 946   998   997 
 998   946   947 
 947   999   998 
 999   947   948 
 948  1000   999 
1000   948   949 
 949  1001  1000 
1001   949   950 
 950  1002  1001 
1002   950   951 
 951  1003  1002 
1003   951   952 
 952  1004  1003 
1004   952   953 
 953  1005  1004 
1005   953   954 
 954  1006  1005 
1006   954   955 
 955  1007  1006 
1007   955   956 
 956  1008  1007 
1008   956   957 
 957  1009  1008 
1009   957   958 
 958  1010  1009 
1010   958   959 
 959  1011  1010 
1011   959   960 
 960  1012  1011 
1012   960   961 
 961  1013  1012 
1013   961   962 
 962  1014  1013 
1014   962   963 
 963  1015  1014 
1015   963   964 
 964  1016  1015 
1016   964   965 
 965  1017  1016 
1017   965   966 
 966  1018  1017 
1018   966   967 
 967  1019  1018 
1019   967   968 
 968  1020  1019 
1020   968   969 
 970  1022  1021 
1022   970   971 
 971  1023  1022 
1023   971   972 
 972  1024  1023 
1024   972   973 
 973  1025  1024 
1025   973   974 
 974  1026  1025 
1026   974   975 
 975  1027  1026 
1027   975   976 
 976  1028  1027 
1028   976   977 
 977  1029  1028 
1029   977   978 
 978  1030  1029 
1030   978   979 
 979  1031  1030 
1031   979   980 
 980  1032  1031 
1032   980   981 
 981  1033  1032 
1033   981   982 
 982  1034  1033 
1034   982   983 
 983  1035  1034 
1035   983   984 
 984  1036  1035 
1036   984   985 
 985  1037  1036 
1037   985   986 
 986  1038  1037 
1038   986   987 
 987  1039  1038 
1039   987   988 
 988  1040  1039 
1040   988   989 
 989  1041  1040 
1041   989   990 
 990  1042  1041 
1042   990   991 
 991  1043  1042 
1043   991   992 
 992  1044  1043 
1044   992   993 
 993  1045  1044 
1045   993   994 
 994  1046  1045 
1046   994   995 
 995  1047  1046 
1047   995   996 
 996  1048  1047 
1048   996   997 
 997  1049  1048 
1049   997   998 
 998  1050  1049 
1050   998   999 
 999  1051  1050 
1051   999  1000 
1000  1052  1051 
1052  1000  1001 
1001  1053  1052 
1053  1001  1002 
1002  1054  1053 
1054  1002  1003 
1003  1055  1054 
1055  1003  1004 
1004  1056  1055 
1056  1004  1005 
1005  1057  1056 
1057  1005  1006 
1006  1058  1057 
1058  1006  1007 
1007  1059  1058 
1059  1007  1008 
1008  1060  1059 
1060  1008  1009 
1009  1061  1060 
1061  1009  1010 
1010  1062  1061 
1062  1010  1011 
1011  1063  1062 
1063  1011  1012 
1012  1064  1063 
1064  1012  1013 
1013  1065  1064 
1065  1013  1014 
1014  1066  1065 
1066  1014  1015 
1015  1067  1066 
1067  1015  1016 
1016  1068  1067 
1068  1016  1017 
1017  1069  1068 
1069  1017  1018 
1018  1070  1069 
1070  1018  1019 
1019  1071  1070 
1071  1019  1020 
1021  1073  1072 
1073  1021  1022 
1022  1074  1073 
1074  1022  1023 
1023  1075  1074 
1075  1023  1024 
1024  1076  1075 
1076  1024  1025 
1025  1077  1076 
1077  1025  1026 
1026  1078  1077 
1078  1026  1027 
1027  1079  1078 
1079  1027  1028 
1028  1080  1079 
1080  1028  1029 
1029  1081  1080 
1081  1029  1030 
1030  1082  1081 
1082  1030  1031 
1031  1083  1082 
1083  1031  1032 
1032  1084  1083 
1084  1032  1033 
1033  1085  1084 
1085  1033  1034 
1034  1086  1085 
1086  1034  1035 
1035  1087  1086 
1087  1035  1036 
1036  1088  1087 
1088  1036  1037 
1037  1089  1088 
1089  1037  1038 
1038  1090  1089 
1090  1038  1039 
1039  1091  1090 
1091  1039  1040 
1040  1092  1091 
1092  1040  1041 
1041  1093  1092 
1093  1041  1042 
1042  1094  1093 
1094  1042  1043 
1043  1095  1094 
1095  1043  1044 
1044  1096  1095 
1096  1044  1045 
1045  1097  1096 
1097  1045  1046 
1046  1098  1097 
1098  1046  1047 
1047  1099  1098 
1099  1047  1048 
1048  1100  1099 
1100  1048  1049 
1049  1101  1100 
1101  1049  1050 
1050  1102  1101 
1102  1050  1051 
1051  1103  1102 
1103  1051  1052 
1052  1104  1103 
1104  1052  1053 
1053  1105  1104 
1105  1053  1054 
1054  1106  1105 
1106  1054  1055 
1055  1107  1106 
1107  1055  1056 
1056  1108  1107 
1108  1056  1057 
1057  1109  1108 
1109  1057  1058 
1058  1110  1109 
1110  1058  1059 
1059  1111  1110 
1111  1059  1060 
1060  1112  1111 
1112  1060  1061 
1061  1113  1112 
1113  1061  1062 
1062  1114  1113 
1114  1062  1063 
1063  1115  1114 
1115  1063  1064 
1064  1116  1115 
1116  1064  1065 
1065  1117  1116 
1117  1065  1066 
1066  1118  1117 
1118  1066  1067 
1067  1119  1118 
1119  1067  1068 
1068  1120  1119 
1120  1068  1069 
1069  1121  1120 
1121  1069  1070 
1070  1122  1121 
1122  1070  1071 
1072  1124  1123 
1124  1072  1073 
1073  1125  1124 
1125  1073  1074 
1074  1126  1125 
1126  1074  1075 
1075  1127  1126 
1127  1075  1076 
1076  1128  1127 
1128  1076  1077 
1077  1129  1128 
1129  1077  1078 
1078  1130  1129 
1130  1078  1079 
1079  1131  1130 
1131  1079  1080 
1080  1132  1131 
1132  1080  1081 
1081  1133  1132 
1133  1081  1082 
1082  1134  1133 
1134  1082  1083 
1083  1135  1134 
1135  1083  1084 
1084  1136  1135 
1136  1084  1085 
1085  1137  1136 
1137  1085  1086 
1086  1138  1137 
1138  1086  1087 
1087  1139  1138 
1139  1087  1088 
1088  1140  1139 
1140  1088  1089 
1089  1141  1140 
1141  1089  1090 
1090  1142  1141 
1142  1090  1091 
1091  1143  1142 
1143  1091  1092 
1092  1144  1143 
1144  1092  1093 
1093  1145  1144 
1145  1093  1094 
1094  1146  1145 
1146  1094  1095 
1095  1147  1146 
1147  1095  1096 
1096  1148  1147 
1148  1096  1097 
1097  1149  1148 
1149  1097  1098 
1098  1150  1149 
1150  1098  1099 
1099  1151  1150 
1151  1099  1100 
1100  1152  1151 
1152  1100  1101 
1101  1153  1152 
1153  1101  1102 
1102  1154  1153 
1154  1102  1103 
1103  1155  1154 
1155  1103  1104 
1104  1156  1155 
1156  1104  1105 
1105  1157  1156 
1157  1105  1106 
1106  1158  1157 
1158  1106  1107 
1107  1159  1158 
1159  1107  1108 
1108  1160  1159 
1160  1108  1109 
1109  1161  1160 
1161  1109  1110 
1110  1162  1161 
1162  1110  1111 
1111  1163  1162 
1163  1111  1112 
1112  1164  1163 
1164  1112  1113 
1113  1165  1164 
1165  1113  1114 
1114  1166  1165 
1166  1114  1115 
1115  1167  1166 
1167  1115  1116 
1116  1168  1167 
1168  1116  1117 
1117  1169  1168 
1169  1117  1118 
1118  1170  1169 
1170  1118  1119 
1119  1171  1170 
1171  1119  1120 
1120  1172  1171 
1172  1120  1121 
1121  1173  1172 
1173  1121  1122 
1123  1175  1174 
1175  1123  1124 
1124  1176  1175 
1176  1124  1125 
1125  1177  1176 
1177  1125  1126 
1126  1178  1177 
1178  1126  1127 
1127  1179  1178 
1179  1127  1128 
1128  1180  1179 
1180  1128  1129 
1129  1181  1180 
1181  1129  1130 
1130  1182  1181 
1182  1130  1131 
1131  1183  1182 
1183  1131  1132 
1132  1184  1183 
1184  1132  1133 
1133  1185  1184 
1185  1133  1134 
1134  1186  1185 
1186  1134  1135 
1135  1187  1186 
1187  1135  1136 
1136  1188  1187 
1188  1136  1137 
1137  1189  1188 
1189  1137  1138 
1138  1190  1189 
1190  1138  1139 
1139  1191  1190 
1191  1139  1140 
1140  1192  1191 
1192  1140  1141 
1141  1193  1192 
1193  1141  1142 
1142  1194  1193 
1194  1142  1143 
1143  1195  1194 
1195  1143  1144 
1144  1196  1195 
1196  1144  1145 
1145  1197  1196 
1197  1145  1146 
1146  1198  1197 
1198  1146  1147 
1147  1199  1198 
1199  1147  1148 
1148  1200  1199 
1200  1148  1149 
1149  1201  1200 
1201  1149  1150 
1150  1202  1201 
1202  1150  1151 
1151  1203  1202 
1203  1151  1152 
1152  1204  1203 
1204  1152  1153 
1153  1205  1204 
1205  1153  1154 
1154  1206  1205 
1206  1154  1155 
1155  1207  1206 
1207  1155  1156 
1156  1208  1207 
1208  1156  1157 
1157  1209  1208 
1209  1157  1158 
1158  1210  1209 
1210  1158  1159 
1159  1211  1210 
1211  1159  1160 
1160  1212  1211 
1212  1160  1161 
1161  1213  1212 
1213  1161  1162 
1162  1214  1213 
1214  1162  1163 
1163  1215  1214 
1215  1163  1164 
1164  1216  1215 
1216  1164  1165 
1165  1217  1216 
1217  1165  1166 
1166  1218  1217 
1218  1166  1167 
1167  1219  1218 
1219  1167  1168 
1168  1220  1219 
1220  1168  1169 
1169  1221  1220 
1221  1169  1170 
1170  1222  1221 
1222  1170  1171 
1171  1223  1222 
1223  1171  1172 
1172  1224  1223 
1224  1172  1173 
1174  1226  1225 
1226  1174  1175 
1175  1227  1226 
1227  1175  1176 
1176  1228  1227 
1228  1176  1177 
1177  1229  1228 
1229  1177  1178 
1178  1230  1229 
1230  1178  1179 
1179  1231  1230 
1231  1179  1180 
1180  1232  1231 
1232  1180  1181 
1181  1233  1232 
1233  1181  1182 
1182  1234  1233 
1234  1182  1183 
1183  1235  1234 
1235  1183  1184 
1184  1236  1235 
1236  1184  1185 
1185  1237  1236 
1237  1185  1186 
1186  1238  1237 
1238  1186  1187 
1187  1239  1238 
1239  1187  1188 
1188  1240  1239 
1240  1188  1189 
1189  1241  1240 
1241  1189  1190 
1190  1242  1241 
1242  1190  1191 
1191  1243  1242 
1243  1191  1192 
1192  1244  1243 
1244  1192  1193 
1193  1245  1244 
1245  1193  1194 
1194  1246  1245 
1246  1194  1195 
1195  1247  1246 
1247  1195  1196 
1196  1248  1247 
1248  1196  1197 
1197  1249  1248 
1249  1197  1198 
1198  1250  1249 
1250  1198  1199 
1199  1251  1250 
1251  1199  1200 
1200  1252  1251 
1252  1200  1201 
1201  1253  1252 
1253  1201  1202 
1202  1254  1253 
1254  1202  1203 
1203  1255  1254 
1255  1203  1204 
1204  1256  1255 
1256  1204  1205 
1205  1257  1256 
1257  1205  1206 
1206  1258  1257 
1258  1206  1207 
1207  1259  1258 
1259  1207  1208 
1208  1260  1259 
1260  1208  1209 
1209  1261  1260 
1261  1209  1210 
1210  1262  1261 
1262  1210  1211 
1211  1263  1262 
1263  1211  1212 
1212  1264  1263 
1264  1212  1213 
1213  1265  1264 
1265  1213  1214 
1214  1266  1265 
1266  1214  1215 
1215  1267  1266 
1267  1215  1216 
1216  1268  1267 
1268  1216  1217 
1217  1269  1268 
1269  1217  1218 
1218  1270  1269 
1270  1218  1219 
1219  1271  1270 
1271  1219  1220 
1220  1272  1271 
1272  1220  1221 
1221  1273  1272 
1273  1221  1222 
1222  1274  1273 
1274  1222  1223 
1223  1275  1274 
1275  1223  1224 
1225  1277  1276 
1277  1225  1226 
1226  1278  1277 
1278  1226  1227 
1227  1279  1278 
1279  1227  1228 
1228  1280  1279 
1280  1228  1229 
1229  1281  1280 
1281  1229  1230 
1230  1282  1281 
1282  1230  1231 
1231  1283  1282 
1283  1231  1232 
1232  1284  1283 
1284  1232  1233 
1233  1285  1284 
1285  1233  1234 
1234  1286  1285 
1286  1234  1235 
1235  1287  1286 
1287  1235  1236 
1236  1288  1287 
1288  1236  1237 
1237  1289  1288 
1289  1237  1238 
1238  1290  1289 
1290  1238  1239 
1239  1291  1290 
1291  1239  1240 
1240  1292  1291 
1292  1240  1241 
1241  1293  1292 
1293  1241  1242 
1242  1294  1293 
1294  1242  1243 
1243  1295  1294 
1295  1243  1244 
1244  1296  1295 
1296  1244  1245 
1245  1297  1296 
1297  1245  1246 
1246  1298  1297 
1298  1246  1247 
1247  1299  1298 
1299  1247  1248 
1248  1300  1299 
1300  1248  1249 
1249  1301  1300 
1301  1249  1250 
1250  1302  1301 
1302  1250  1251 
1251  1303  1302 
1303  1251  1252 
1252  1304  1303 
1304  1252  1253 
1253  1305  1304 
1305  1253  1254 
1254  1306  1305 
1306  1254  1255 
1255  1307  1306 
1307  1255  1256 
1256  1308  1307 
1308  1256  1257 
1257  1309  1308 
1309  1257  1258 
1258  1310  1309 
1310  1258  1259 
1259  1311  1310 
1311  1259  1260 
1260  1312  1311 
1312  1260  1261 
1261  1313  1312 
1313  1261  1262 
1262  1314  1313 
1314  1262  1263 
1263  1315  1314 
1315  1263  1264 
1264  1316  1315 
1316  1264  1265 
1265  1317  1316 
1317  1265  1266 
1266  1318  1317 
1318  1266  1267 
1267  1319  1318 
1319  1267  1268 
1268  1320  1319 
1320  1268  1269 
1269  1321  1320 
1321  1269  1270 
1270  1322  1321 
1322  1270  1271 
1271  1323  1322 
1323  1271  1272 
1272  1324  1323 
1324  1272  1273 
1273  1325  1324 
1325  1273  1274 
1274  1326  1325 
1326  1274  1275 
1276  1328  1327 
1328  1276  1277 
1277  1329  1328 
1329  1277  1278 
1278  1330  1329 
1330  1278  1279 
1279  1331  1330 
1331  1279  1280 
1280  1332  1331 
1332  1280  1281 
1281  1333  1332 
1333  1281  1282 
1282  1334  1333 
1334  1282  1283 
1283  1335  1334 
1335  1283  1284 
1284  1336  1335 
1336  1284  1285 
1285  1337  1336 
1337  1285  1286 
1286  1338  1337 
1338  1286  1287 
1287  1339  1338 
1339  1287  1288 
1288  1340  1339 
1340  1288  1289 
1289  1341  1340 
1341  1289  1290 
1290  1342  1341 
1342  1290  1291 
1291  1343  1342 
1343  1291  1292 
1292  1344  1343 
1344  1292  1293 
1293  1345  1344 
1345  1293  1294 
1294  1346  1345 
1346  1294  1295 
1295  1347  1346 
1347  1295  1296 
1296  1348  1347 
1348  1296  1297 
1297  1349  1348 
1349  1297  1298 
1298  1350  1349 
1350  1298  1299 
1299  1351  1350 
1351  1299  1300 
1300  1352  1351 
1352  1300  1301 
1301  1353  1352 
1353  1301  1302 
1302  1354  1353 
1354  1302  1303 
1303  1355  1354 
1355  1303  1304 
1304  1356  1355 
1356  1304  1305 
1305  1357  1356 
1357  1305  1306 
1306  1358  1357 
1358  1306  1307 
1307  1359  1358 
1359  1307  1308 
1308  1360  1359 
1360  1308  1309 
1309  1361  1360 
1361  1309  1310 
1310  1362  1361 
1362  1310  1311 
1311  1363  1362 
1363  1311  1312 
1312  1364  1363 
1364  1312  1313 
1313  1365  1364 
1365  1313  1314 
1314  1366  1365 
1366  1314  1315 
1315  1367  1366 
1367  1315  1316 
1316  1368  1367 
1368  1316  1317 
1317  1369  1368 
1369  1317  1318 
1318  1370  1369 
1370  1318  1319 
1319  1371  1370 
1371  1319  1320 
1320  1372  1371 
1372  1320  1321 
1321  1373  1372 
1373  1321  1322 
1322  1374  1373 
1374  1322  1323 
1323  1375  1374 
1375  1323  1324 
1324  1376  1375 
1376  1324  1325 
1325  1377  1376 
1377  1325  1326 
1327  1379  1378 
1379  1327  1328 
1328  1380  1379 
1380  1328  1329 
1329  1381  1380 
1381  1329  1330 
1330  1382  1381 
1382  1330  1331 
1331  1383  1382 
1383  1331  1332 
1332  1384  1383 
1384  1332  1333 
1333  1385  1384 
1385  1333  1334 
1334  1386  1385 
1386  1334  1335 
1335  1387  1386 
1387  1335  1336 
1336  1388  1387 
1388  1336  1337 
1337  1389  1388 
1389  1337  1338 
1338  1390  1389 
1390  1338  1339 
1339  1391  1390 
1391  1339  1340 
1340  1392  1391 
1392  1340  1341 
1341  1393  1392 
1393  1341  1342 
1342  1394  1393 
1394  1342  1343 
1343  1395  1394 
1395  1343  1344 
1344  1396  1395 
1396  1344  1345 
1345  1397  1396 
1397  1345  1346 
1346  1398  1397 
1398  1346  1347 
1347  1399  1398 
1399  1347  1348 
1348  1400  1399 
1400  1348  1349 
1349  1401  1400 
1401  1349  1350 
1350  1402  1401 
1402  1350  1351 
1351  1403  1402 
1403  1351  1352 
1352  1404  1403 
1404  1352  1353 
1353  1405  1404 
1405  1353  1354 
1354  1406  1405 
1406  1354  1355 
1355  1407  1406 
1407  1355  1356 
1356  1408  1407 
1408  1356  1357 
1357  1409  1408 
1409  1357  1358 
1358  1410  1409 
1410  1358  1359 
1359  1411  1410 
1411  1359  1360 
1360  1412  1411 
1412  1360  1361 
1361  1413  1412 
1413  1361  1362 
1362  1414  1413 
1414  1362  1363 
1363  1415  1414 
1415  1363  1364 
1364  1416  1415 
1416  1364  1365 
1365  1417  1416 
1417  1365  1366 
1366  1418  1417 
1418  1366  1367 
1367  1419  1418 
1419  1367  1368 
1368  1420  1419 
1420  1368  1369 
1369  1421  1420 
1421  1369  1370 
1370  1422  1421 
1422  1370  1371 
1371  1423  1422 
1423  1371  1372 
1372  1424  1423 
1424  1372  1373 
1373  1425  1424 
1425  1373  1374 
1374  1426  1425 
1426  1374  1375 
1375  1427  1426 
1427  1375  1376 
1376  1428  1427 
1428  1376  1377 
1378  1430  1429 
1430  1378  1379 
1379  1431  1430 
1431  1379  1380 
1380  1432  1431 
1432  1380  1381 
1381  1433  1432 
1433  1381  1382 
1382  1434  1433 
1434  1382  1383 
1383  1435  1434 
1435  1383  1384 
1384  1436  1435 
1436  1384  1385 
1385  1437  1436 
1437  1385  1386 
1386  1438  1437 
1438  1386  1387 
1387  1439  1438 
1439  1387  1388 
1388  1440  1439 
1440  1388  1389 
1389  1441  1440 
1441  1389  1390 
1390  1442  1441 
1442  1390  1391 
1391  1443  1442 
1443  1391  1392 
1392  1444  1443 
1444  1392  1393 
1393  1445  1444 
1445  1393  1394 
1394  1446  1445 
1446  1394  1395 
1395  1447  1446 
1447  1395  1396 
1396  1448  1447 
1448  1396  1397 
1397  1449  1448 
1449  1397  1398 
1398  1450  1449 
1450  1398  1399 
1399  1451  1450 
1451  1399  1400 
1400  1452  1451 
1452  1400  1401 
1401  1453  1452 
1453  1401  1402 
1402  1454  1453 
1454  1402  1403 
1403  1455  1454 
1455  1403  1404 
1404  1456  1455 
1456  1404  1405 
1405  1457  1456 
1457  1405  1406 
1406  1458  1457 
1458  1406  1407 
1407  1459  1458 
1459  1407  1408 
1408  1460  1459 
1460  1408  1409 
1409  1461  1460 
1461  1409  1410 
1410  1462  1461 
1462  1410  1411 
1411  1463  1462 
1463  1411  1412 
1412  1464  1463 
1464  1412  1413 
1413  1465  1464 
1465  1413  1414 
1414  1466  1465 
1466  1414  1415 
1415  1467  1466 
1467  1415  1416 
1416  1468  1467 
1468  1416  1417 
1417  1469  1468 
1469  1417  1418 
1418  1470  1469 
1470  1418  1419 
1419  1471  1470 
1471  1419  1420 
1420  1472  1471 
1472  1420  1421 
1421  1473  1472 
1473  1421  1422 
1422  1474  1473 
1474  1422  1423 
1423  1475  1474 
1475  1423  1424 
1424  1476  1475 
1476  1424  1425 
1425  1477  1476 
1477  1425  1426 
1426  1478  1477 
1478  1426  1427 
1427  1479  1478 
1479  1427  1428 
1429  1481  1480 
1481  1429  1430 
1430  1482  1481 
1482  1430  1431 
1431  1483  1482 
1483  1431  1432 
1432  1484  1483 
1484  1432  1433 
1433  1485  1484 
1485  1433  1434 
1434  1486  1485 
1486  1434  1435 
1435  1487  1486 
1487  1435  1436 
1436  1488  1487 
1488  1436  1437 
1437  1489  1488 
1489  1437  1438 
1438  1490  1489 
1490  1438  1439 
1439  1491  1490 
1491  1439  1440 
1440  1492  1491 
1492  1440  1441 
1441  1493  1492 
1493  1441  1442 
1442  1494  1493 
1494  1442  1443 
1443  1495  1494 
1495  1443  1444 
1444  1496  1495 
1496  1444  1445 
1445  1497  1496 
1497  1445  1446 
1446  1498  1497 
1498  1446  1447 
1447  1499  1498 
1499  1447  1448 
1448  1500  1499 
1500  1448  1449 
1449  1501  1500 
1501  1449  1450 
1450  1502  1501 
1502  1450  1451 
1451  1503  1502 
1503  1451  1452 
1452  1504  1503 
1504  1452  1453 
1453  1505  1504 
1505  1453  1454 
1454  1506  1505 
1506  1454  1455 
1455  1507  1506 
1507  1455  1456 
1456  1508  1507 
1508  1456  1457 
1457  1509  1508 
1509  1457  1458 
1458  1510  1509 
1510  1458  1459 
1459  1511  1510 
1511  1459  1460 
1460  1512  1511 
1512  1460  1461 
1461  1513  1512 
1513  1461  1462 
1462  1514  1513 
1514  1462  1463 
1463  1515  1514 
1515  1463  1464 
1464  1516  1515 
1516  1464  1465 
1465  1517  1516 
1517  1465  1466 
1466  1518  1517 
1518  1466  1467 
1467  1519  1518 
1519  1467  1468 
1468  1520  1519 
1520  1468  1469 
1469  1521  1520 
1521  1469  1470 
1470  1522  1521 
1522  1470  1471 
1471  1523  1522 
1523  1471  1472 
1472  1524  1523 
1524  1472  1473 
1473  1525  1524 
1525  1473  1474 
1474  1526  1525 
1526  1474  1475 
1475  1527  1526 
1527  1475  1476 
1476  1528  1527 
1528  1476  1477 
1477  1529  1528 
1529  1477  1478 
1478  1530  1529 
1530  1478  1479 
1480  1532  1531 
1532  1480  1481 
1481  1533  1532 
1533  1481  1482 
1482  1534  1533 
1534  1482  1483 
1483  1535  1534 
1535  1483  1484 
1484  1536  1535 
1536  1484  1485 
1485  1537  1536 
1537  1485  1486 
1486  1538  1537 
1538  1486  1487 
1487  1539  1538 
1539  1487  1488 
1488  1540  1539 
1540  1488  1489 
1489  1541  1540 
1541  1489  1490 
1490  1542  1541 
1542  1490  1491 
1491  1543  1542 
1543  1491  1492 
1492  1544  1543 
1544  1492  1493 
1493  1545  1544 
1545  1493  1494 
1494  1546  1545 
1546  1494  1495 
1495  1547  1546 
1547  1495  1496 
1496  1548  1547 
1548  1496  1497 
1497  1549  1548 
1549  1497  1498 
1498  1550  1549 
1550  1498  1499 
1499  1551  1550 
1551  1499  1500 
1500  1552  1551 
1552  1500  1501 
1501  1553  1552 
1553  1501  1502 
1502  1554  1553 
1554  1502  1503 
1503  1555  1554 
1555  1503  1504 
1504  1556  1555 
1556  1504  1505 
1505  1557  1556 
1557  1505  1506 
1506  1558  1557 
1558  1506  1507 
1507  1559  1558 
1559  1507  1508 
1508  1560  1559 
1560  1508  1509 
1509  1561  1560 
1561  1509  1510 
1510  1562  1561 
1562  1510  1511 
1511  1563  1562 
1563  1511  1512 
1512  1564  1563 
1564  1512  1513 
1513  1565  1564 
1565  1513  1514 
1514  1566  1565 
1566  1514  1515 
1515  1567  1566 
1567  1515  1516 
1516  1568  1567 
1568  1516  1517 
1517  1569  1568 
1569  1517  1518 
1518  1570  1569 
1570  1518  1519 
1519  1571  1570 
1571  1519  1520 
1520  1572  1571 
1572  1520  1521 
1521  1573  1572 
1573  1521  1522 
1522  1574  1573 
1574  1522  1523 
1523  1575  1574 
1575  1523  1524 
1524  1576  1575 
1576  1524  1525 
1525  1577  1576 
1577  1525  1526 
1526  1578  1577 
1578  1526  1527 
1527  1579  1578 
1579  1527  1528 
1528  1580  1579 
1580  1528  1529 
1529  1581  1580 
1581  1529  1530 
1531  1583  1582 
1583  1531  1532 
1532  1584  1583 
1584  1532  1533 
1533  1585  1584 
1585  1533  1534 
1534  1586  1585 
1586  1534  1535 
1535  1587  1586 
1587  1535  1536 
1536  1588  1587 
1588  1536  1537 
1537  1589  1588 
1589  1537  1538 
1538  1590  1589 
1590  1538  1539 
1539  1591  1590 
1591  1539  1540 
1540  1592  1591 
1592  1540  1541 
1541  1593  1592 
1593  1541  1542 
1542  1594  1593 
1594  1542  1543 
1543  1595  1594 
1595  1543  1544 
1544  1596  1595 
1596  1544  1545 
1545  1597  1596 
1597  1545  1546 
1546  1598  1597 
1598  1546  1547 
1547  1599  1598 
1599  1547  1548 
1548  1600  1599 
1600  1548  1549 
1549  1601  1600 
1601  1549  1550 
1550  1602  1601 
1602  1550  1551 
1551  1603  1602 
1603  1551  1552 
1552  1604  1603 
1604  1552  1553 
1553  1605  1604 
1605  1553  1554 
1554  1606  1605 
1606  1554  1555 
1555  1607  1606 
1607  1555  1556 
1556  1608  1607 
1608  1556  1557 
1557  1609  1608 
1609  1557  1558 
1558  1610  1609 
1610  1558  1559 
1559  1611  1610 
1611  1559  1560 
1560  1612  1611 
1612  1560  1561 
1561  1613  1612 
1613  1561  1562 
1562  1614  1613 
1614  1562  1563 
1563  1615  1614 
1615  1563  1564 
1564  1616  1615 
1616  1564  1565 
1565  1617  1616 
1617  1565  1566 
1566  1618  1617 
1618  1566  1567 
1567  1619  1618 
1619  1567  1568 
1568  1620  1619 
1620  1568  1569 
1569  1621  1620 
1621  1569  1570 
1570  1622  1621 
1622  1570  1571 
1571  1623  1622 
1623  1571  1572 
1572  1624  1623 
1624  1572  1573 
1573  1625  1624 
1625  1573  1574 
1574  1626  1625 
1626  1574  1575 
1575  1627  1626 
1627  1575  1576 
1576  1628  1627 
1628  1576  1577 
1577  1629  1628 
1629  1577  1578 
1578  1630  1629 
1630  1578  1579 
1579  1631  1630 
1631  1579  1580 
1580  1632  1631 
1632  1580  1581 
1582  1634  1633 
1634  1582  1583 
1583  1635  1634 
1635  1583  1584 
1584  1636  1635 
1636  1584  1585 
1585  1637  1636 
1637  1585  1586 
1586  1638  1637 
1638  1586  1587 
1587  1639  1638 
1639  1587  1588 
1588  1640  1639 
1640  1588  1589 
1589  1641  1640 
1641  1589  1590 
1590  1642  1641 
1642  1590  1591 
1591  1643  1642 
1643  1591  1592 
1592  1644  1643 
1644  1592  1593 
1593  1645  1644 
1645  1593  1594 
1594  1646  1645 
1646  1594  1595 
1595  1647  1646 
1647  1595  1596 
1596  1648  1647 
1648  1596  1597 
1597  1649  1648 
1649  1597  1598 
1598  1650  1649 
1650  1598  1599 
1599  1651  1650 
1651  1599  1600 
1600  1652  1651 
1652  1600  1601 
1601  1653  1652 
1653  1601  1602 
1602  1654  1653 
1654  1602  1603 
1603  1655  1654 
1655  1603  1604 
1604  1656  1655 
1656  1604  1605 
1605  1657  1656 
1657  1605  1606 
1606  1658  1657 
1658  1606  1607 
1607  1659  1658 
1659  1607  1608 
1608  1660  1659 
1660  1608  1609 
1609  1661  1660 
1661  1609  1610 
1610  1662  1661 
1662  1610  1611 
1611  1663  1662 
1663  1611  1612 
1612  1664  1663 
1664  1612  1613 
1613  1665  1664 
1665  1613  1614 
1614  1666  1665 
1666  1614  1615 
1615  1667  1666 
1667  1615  1616 
1616  1668  1667 
1668  1616  1617 
1617  1669  1668 
1669  1617  1618 
1618  1670  1669 
1670  1618  1619 
1619  1671  1670 
1671  1619  1620 
1620  1672  1671 
1672  1620  1621 
1621  1673  1672 
1673  1621  1622 
1622  1674  1673 
1674  1622  1623 
1623  1675  1674 
1675  1623  1624 
1624  1676  1675 
1676  1624  1625 
1625  1677  1676 
1677  1625  1626 
1626  1678  1677 
1678  1626  1627 
1627  1679  1678 
1679  1627  1628 
1628  1680  1679 
1680  1628  1629 
1629  1681  1680 
1681  1629  1630 
1630  1682  1681 
1682  1630  1631 
1631  1683  1682 
1683  1631  1632 
1633  1685  1684 
1685  1633  1634 
1634  1686  1685 
1686  1634  1635 
1635  1687  1686 
1687  1635  1636 
1636  1688  1687 
1688  1636  1637 
1637  1689  1688 
1689  1637  1638 
1638  1690  1689 
1690  1638  1639 
1639  1691  1690 
1691  1639  1640 
1640  1692  1691 
1692  1640  1641 
1641  1693  1692 
1693  1641  1642 
1642  1694  1693 
1694  1642  1643 
1643  1695  1694 
1695  1643  1644 
1644  1696  1695 
1696  1644  1645 
1645  1697  1696 
1697  1645  1646 
1646  1698  1697 
1698  1646  1647 
1647  1699  1698 
1699  1647  1648 
1648  1700  1699 
1700  1648  1649 
1649  1701  1700 
1701  1649  1650 
1650  1702  1701 
1702  1650  1651 
1651  1703  1702 
1703  1651  1652 
1652  1704  1703 
1704  1652  1653 
1653  1705  1704 
1705  1653  1654 
1654  1706  1705 
1706  1654  1655 
1655  1707  1706 
1707  1655  1656 
1656  1708  1707 
1708  1656  1657 
1657  1709  1708 
1709  1657  1658 
1658  1710  1709 
1710  1658  1659 
1659  1711  1710 
1711  1659  1660 
1660  1712  1711 
1712  1660  1661 
1661  1713  1712 
1713  1661  1662 
1662  1714  1713 
1714  1662  1663 
1663  1715  1714 
1715  1663  1664 
1664  1716  1715 
1716  1664  1665 
1665  1717  1716 
1717  1665  1666 
1666  1718  1717 
1718  1666  1667 
1667  1719  1718 
1719  1667  1668 
1668  1720  1719 
1720  1668  1669 
1669  1721  1720 
1721  1669  1670 
1670  1722  1721 
1722  1670  1671 
1671  1723  1722 
1723  1671  1672 
1672  1724  1723 
1724  1672  1673 
1673  1725  1724 
1725  1673  1674 
1674  1726  1725 
1726  1674  1675 
1675  1727  1726 
1727  1675  1676 
1676  1728  1727 
1728  1676  1677 
1677  1729  1728 
1729  1677  1678 
1678  1730  1729 
1730  1678  1679 
1679  1731  1730 
1731  1679  1680 
1680  1732  1731 
1732  1680  1681 
1681  1733  1732 
1733  1681  1682 
1682  1734  1733 
1734  1682  1683 
1684  1736  1735 
1736  1684  1685 
1685  1737  1736 
1737  1685  1686 
1686  1738  1737 
1738  1686  1687 
1687  1739  1738 
1739  1687  1688 
1688  1740  1739 
1740  1688  1689 
1689  1741  1740 
1741  1689  1690 
1690  1742  1741 
1742  1690  1691 
1691  1743  1742 
1743  1691  1692 
1692  1744  1743 
1744  1692  1693 
1693  1745  1744 
1745  1693  1694 
1694  1746  1745 
1746  1694  1695 
1695  1747  1746 
1747  1695  1696 
1696  1748  1747 
1748  1696  1697 
1697  1749  1748 
1749  1697  1698 
1698  1750  1749 
1750  1698  1699 
1699  1751  1750 
1751  1699  1700 
1700  1752  1751 
1752  1700  1701 
1701  1753  1752 
1753  1701  1702 
1702  1754  1753 
1754  1702  1703 
1703  1755  1754 
1755  1703  1704 
1704  1756  1755 
1756  1704  1705 
1705  1757  1756 
1757  1705  1706 
1706  1758  1757 
1758  1706  1707 
1707  1759  1758 
1759  1707  1708 
1708  1760  1759 
1760  1708  1709 
1709  1761  1760 
1761  1709  1710 
1710  1762  1761 
1762  1710  1711 
1711  1763  1762 
1763  1711  1712 
1712  1764  1763 
1764  1712  1713 
1713  1765  1764 
1765  1713  1714 
1714  1766  1765 
1766  1714  1715 
1715  1767  1766 
1767  1715  1716 
1716  1768  1767 
1768  1716  1717 
1717  1769  1768 
1769  1717  1718 
1718  1770  1769 
1770  1718  1719 
1719  1771  1770 
1771  1719  1720 
1720  1772  1771 
1772  1720  1721 
1721  1773  1772 
1773  1721  1722 
1722  1774  1773 
1774  1722  1723 
1723  1775  1774 
1775  1723  1724 
1724  1776  1775 
1776  1724  1725 
1725  1777  1776 
1777  1725  1726 
1726  1778  1777 
1778  1726  1727 
1727  1779  1778 
1779  1727  1728 
1728  1780  1779 
1780  1728  1729 
1729  1781  1780 
1781  1729  1730 
1730  1782  1781 
1782  1730  1731 
1731  1783  1782 
1783  1731  1732 
1732  1784  1783 
1784  1732  1733 
1733  1785  1784 
1785  1733  1734 
1735  1787  1786 
1787  1735  1736 
1736  1788  1787 
1788  1736  1737 
1737  1789  1788 
1789  1737  1738 
1738  1790  1789 
1790  1738  1739 
1739  1791  1790 
1791  1739  1740 
1740  1792  1791 
1792  1740  1741 
1741  1793  1792 
1793  1741  1742 
1742  1794  1793 
1794  1742  1743 
1743  1795  1794 
1795  1743  1744 
1744  1796  1795 
1796  1744  1745 
1745  1797  1796 
1797  1745  1746 
1746  1798  1797 
1798  1746  1747 
1747  1799  1798 
1799  1747  1748 
1748  1800  1799 
1800  1748  1749 
1749  1801  1800 
1801  1749  1750 
1750  1802  1801 
1802  1750  1751 
1751  1803  1802 
1803  1751  1752 
1752  1804  1803 
1804  1752  1753 
1753  1805  1804 
1805  1753  1754 
1754  1806  1805 
1806  1754  1755 
1755  1807  1806 
1807  1755  1756 
1756  1808  1807 
1808  1756  1757 
1757  1809  1808 
1809  1757  1758 
1758  1810  1809 
1810  1758  1759 
1759  1811  1810 
1811  1759  1760 
1760  1812  1811 
1812  1760  1761 
1761  1813  1812 
1813  1761  1762 
1762  1814  1813 
1814  1762  1763 
1763  1815  1814 
1815  1763  1764 
1764  1816  1815 
1816  1764  1765 
1765  1817  1816 
1817  1765  1766 
1766  1818  1817 
1818  1766  1767 
1767  1819  1818 
1819  1767  1768 
1768  1820  1819 
1820  1768  1769 
1769  1821  1820 
1821  1769  1770 
1770  1822  1821 
1822  1770  1771 
1771  1823  1822 
1823  1771  1772 
1772  1824  1823 
1824  1772  1773 
1773  1825  1824 
1825  1773  1774 
1774  1826  1825 
1826  1774  1775 
1775  1827  1826 
1827  1775  1776 
1776  1828  1827 
1828  1776  1777 
1777  1829  1828 
1829  1777  1778 
1778  1830  1829 
1830  1778  1779 
1779  1831  1830 
1831  1779  1780 
1780  1832  1831 
1832  1780  1781 
1781  1833  1832 
1833  1781  1782 
1782  1834  1833 
1834  1782  1783 
1783  1835  1834 
1835  1783  1784 
1784  1836  1835 
1836  1784  1785 
1786  1838  1837 
1838  1786  1787 
1787  1839  1838 
1839  1787  1788 
1788  1840  1839 
1840  1788  1789 
1789  1841  1840 
1841  1789  1790 
1790  1842  1841 
1842  1790  1791 
1791  1843  1842 
1843  1791  1792 
1792  1844  1843 
1844  1792  1793 
1793  1845  1844 
1845  1793  1794 
1794  1846  1845 
1846  1794  1795 
1795  1847  1846 
1847  1795  1796 
1796  1848  1847 
1848  1796  1797 
1797  1849  1848 
1849  1797  1798 
1798  1850  1849 
1850  1798  1799 
1799  1851  1850 
1851  1799  1800 
1800  1852  1851 
1852  1800  1801 
1801  1853  1852 
1853  1801  1802 
1802  1854  1853 
1854  1802  1803 
1803  1855  1854 
1855  1803  1804 
1804  1856  1855 
1856  1804  1805 
1805  1857  1856 
1857  1805  1806 
1806  1858  1857 
1858  1806  1807 
1807  1859  1858 
1859  1807  1808 
1808  1860  1859 
1860  1808  1809 
1809  1861  1860 
1861  1809  1810 
1810  1862  1861 
1862  1810  1811 
1811  1863  1862 
1863  1811  1812 
1812  1864  1863 
1864  1812  1813 
1813  1865  1864 
1865  1813  1814 
1814  1866  1865 
1866  1814  1815 
1815  1867  1866 
1867  1815  1816 
1816  1868  1867 
1868  1816  1817 
1817  1869  1868 
1869  1817  1818 
1818  1870  1869 
1870  1818  1819 
1819  1871  1870 
1871  1819  1820 
1820  1872  1871 
1872  1820  1821 
1821  1873  1872 
1873  1821  1822 
1822  1874  1873 
1874  1822  1823 
1823  1875  1874 
1875  1823  1824 
1824  1876  1875 
1876  1824  1825 
1825  1877  1876 
1877  1825  1826 
1826  1878  1877 
1878  1826  1827 
1827  1879  1878 
1879  1827  1828 
1828  1880  1879 
1880  1828  1829 
1829  1881  1880 
1881  1829  1830 
1830  1882  1881 
1882  1830  1831 
1831  1883  1882 
1883  1831  1832 
1832  1884  1883 
1884  1832  1833 
1833  1885  1884 
1885  1833  1834 
1834  1886  1885 
1886  1834  1835 
1835  1887  1886 
1887  1835  1836 
1837  1889  1888 
1889  1837  1838 
1838  1890  1889 
1890  1838  1839 
1839  1891  1890 
1891  1839  1840 
1840  1892  1891 
1892  1840  1841 
1841  1893  1892 
1893  1841  1842 
1842  1894  1893 
1894  1842  1843 
1843  1895  1894 
1895  1843  1844 
1844  1896  1895 
1896  1844  1845 
1845  1897  1896 
1897  1845  1846 
1846  1898  1897 
1898  1846  1847 
1847  1899  1898 
1899  1847  1848 
1848  1900  1899 
1900  1848  1849 
1849  1901  1900 
1901  1849  1850 
1850  1902  1901 
1902  1850  1851 
1851  1903  1902 
1903  1851  1852 
1852  1904  1903 
1904  1852  1853 
1853  1905  1904 
1905  1853  1854 
1854  1906  1905 
1906  1854  1855 
1855  1907  1906 
1907  1855  1856 
1856  1908  1907 
1908  1856  1857 
1857  1909  1908 
1909  1857  1858 
1858  1910  1909 
1910  1858  1859 
1859  1911  1910 
1911  1859  1860 
1860  1912  1911 
1912  1860  1861 
1861  1913  1912 
1913  1861  1862 
1862  1914  1913 
1914  1862  1863 
1863  1915  1914 
1915  1863  1864 
1864  1916  1915 
1916  1864  1865 
1865  1917  1916 
1917  1865  1866 
1866  1918  1917 
1918  1866  1867 
1867  1919  1918 
1919  1867  1868 
1868  1920  1919 
1920  1868  1869 
1869  1921  1920 
1921  1869  1870 
1870  1922  1921 
1922  1870  1871 
1871  1923  1922 
1923  1871  1872 
1872  1924  1923 
1924  1872  1873 
1873  1925  1924 
1925  1873  1874 
1874  1926  1925 
1926  1874  1875 
1875  1927  1926 
1927  1875  1876 
1876  1928  1927 
1928  1876  1877 
1877  1929  1928 
1929  1877  1878 
1878  1930  1929 
1930  1878  1879 
1879  1931  1930 
1931  1879  1880 
1880  1932  1931 
1932  1880  1881 
1881  1933  1932 
1933  1881  1882 
1882  1934  1933 
1934  1882  1883 
1883  1935  1934 
1935  1883  1884 
1884  1936  1935 
1936  1884  1885 
1885  1937  1936 
1937  1885  1886 
1886  1938  1937 
1938  1886  1887 
1888  1940  1939 
1940  1888  1889 
1889  1941  1940 
1941  1889  1890 
1890  1942  1941 
1942  1890  1891 
1891  1943  1942 
1943  1891  1892 
1892  1944  1943 
1944  1892  1893 
1893  1945  1944 
1945  1893  1894 
1894  1946  1945 
1946  1894  1895 
1895  1947  1946 
1947  1895  1896 
1896  1948  1947 
1948  1896  1897 
1897  1949  1948 
1949  1897  1898 
1898  1950  1949 
1950  1898  1899 
1899  1951  1950 
1951  1899  1900 
1900  1952  1951 
1952  1900  1901 
1901  1953  1952 
1953  1901  1902 
1902  1954  1953 
1954  1902  1903 
1903  1955  1954 
1955  1903  1904 
1904  1956  1955 
1956  1904  1905 
1905  1957  1956 
1957  1905  1906 
1906  1958  1957 
1958  1906  1907 
1907  1959  1958 
1959  1907  1908 
1908  1960  1959 
1960  1908  1909 
1909  1961  1960 
1961  1909  1910 
1910  1962  1961 
1962  1910  1911 
1911  1963  1962 
1963  1911  1912 
1912  1964  1963 
1964  1912  1913 
1913  1965  1964 
1965  1913  1914 
1914  1966  1965 
1966  1914  1915 
1915  1967  1966 
1967  1915  1916 
1916  1968  1967 
1968  1916  1917 
1917  1969  1968 
1969  1917  1918 
1918  1970  1969 
1970  1918  1919 
1919  1971  1970 
1971  1919  1920 
1920  1972  1971 
1972  1920  1921 
1921  1973  1972 
1973  1921  1922 
1922  1974  1973 
1974  1922  1923 
1923  1975  1974 
1975  1923  1924 
1924  1976  1975 
1976  1924  1925 
1925  1977  1976 
1977  1925  1926 
1926  1978  1977 
1978  1926  1927 
1927  1979  1978 
1979  1927  1928 
1928  1980  1979 
1980  1928  1929 
1929  1981  1980 
1981  1929  1930 
1930  1982  1981 
1982  1930  1931 
1931  1983  1982 
1983  1931  1932 
1932  1984  1983 
1984  1932  1933 
1933  1985  1984 
1985  1933  1934 
1934  1986  1985 
1986  1934  1935 
1935  1987  1986 
1987  1935  1936 
1936  1988  1987 
1988  1936  1937 
1937  1989  1988 
1989  1937  1938 
1939  1991  1990 
1991  1939  1940 
1940  1992  1991 
1992  1940  1941 
1941  1993  1992 
1993  1941  1942 
1942  1994  1993 
1994  1942  1943 
1943  1995  1994 
1995  1943  1944 
1944  1996  1995 
1996  1944  1945 
1945  1997  1996 
1997  1945  1946 
1946  1998  1997 
1998  1946  1947 
1947  1999  1998 
1999  1947  1948 
1948  2000  1999 
2000  1948  1949 
1949  2001  2000 
2001  1949  1950 
1950  2002  2001 
2002  1950  1951 
1951  2003  2002 
2003  1951  1952 
1952  2004  2003 
2004  1952  1953 
1953  2005  2004 
2005  1953  1954 
1954  2006  2005 
2006  1954  1955 
1955  2007  2006 
2007  1955  1956 
1956  2008  2007 
2008  1956  1957 
1957  2009  2008 
2009  1957  1958 
1958  2010  2009 
2010  1958  1959 
1959  2011  2010 
2011  1959  1960 
1960  2012  2011 
2012  1960  1961 
1961  2013  2012 
2013  1961  1962 
1962  2014  2013 
2014  1962  1963 
1963  2015  2014 
2015  1963  1964 
1964  2016  2015 
2016  1964  1965 
1965  2017  2016 
2017  1965  1966 
1966  2018  2017 
2018  1966  1967 
1967  2019  2018 
2019  1967  1968 
1968  2020  2019 
2020  1968  1969 
1969  2021  2020 
2021  1969  1970 
1970  2022  2021 
2022  1970  1971 
1971  2023  2022 
2023  1971  1972 
1972  2024  2023 
2024  1972  1973 
1973  2025  2024 
2025  1973  1974 
1974  2026  2025 
2026  1974  1975 
1975  2027  2026 
2027  1975  1976 
1976  2028  2027 
2028  1976  1977 
1977  2029  2028 
2029  1977  1978 
1978  2030  2029 
2030  1978  1979 
1979  2031  2030 
2031  1979  1980 
1980  2032  2031 
2032  1980  1981 
1981  2033  2032 
2033  1981  1982 
1982  2034  2033 
2034  1982  1983 
1983  2035  2034 
2035  1983  1984 
1984  2036  2035 
2036  1984  1985 
1985  2037  2036 
2037  1985  1986 
1986  2038  2037 
2038  1986  1987 
1987  2039  2038 
2039  1987  1988 
1988  2040  2039 
2040  1988  1989 
1990  2042  2041 
2042  1990  1991 
1991  2043  2042 
2043  1991  1992 
1992  2044  2043 
2044  1992  1993 
1993  2045  2044 
2045  1993  1994 
1994  2046  2045 
2046  1994  1995 
1995  2047  2046 
2047  1995  1996 
1996  2048  2047 
2048  1996  1997 
1997  2049  2048 
2049  1997  1998 
1998  2050  2049 
2050  1998  1999 
1999  2051  2050 
2051  1999  2000 
2000  2052  2051 
2052  2000  2001 
2001  2053  2052 
2053  2001  2002 
2002  2054  2053 
2054  2002  2003 
2003  2055  2054 
2055  2003  2004 
2004  2056  2055 
2056  2004  2005 
2005  2057  2056 
2057  2005  2006 
2006  2058  2057 
2058  2006  2007 
2007  2059  2058 
2059  2007  2008 
2008  2060  2059 
2060  2008  2009 
2009  2061  2060 
2061  2009  2010 
2010  2062  2061 
2062  2010  2011 
2011  2063  2062 
2063  2011  2012 
2012  2064  2063 
2064  2012  2013 
2013  2065  2064 
2065  2013  2014 
2014  2066  2065 
2066  2014  2015 
2015  2067  2066 
2067  2015  2016 
2016  2068  2067 
2068  2016  2017 
2017  2069  2068 
2069  2017  2018 
2018  2070  2069 
2070  2018  2019 
2019  2071  2070 
2071  2019  2020 
2020  2072  2071 
2072  2020  2021 
2021  2073  2072 
2073  2021  2022 
2022  2074  2073 
2074  2022  2023 
2023  2075  2074 
2075  2023  2024 
2024  2076  2075 
2076  2024  2025 
2025  2077  2076 
2077  2025  2026 
2026  2078  2077 
2078  2026  2027 
2027  2079  2078 
2079  2027  2028 
2028  2080  2079 
2080  2028  2029 
2029  2081  2080 
2081  2029  2030 
2030  2082  2081 
2082  2030  2031 
2031  2083  2082 
2083  2031  2032 
2032  2084  2083 
2084  2032  2033 
2033  2085  2084 
2085  2033  2034 
2034  2086  2085 
2086  2034  2035 
2035  2087  2086 
2087  2035  2036 
2036  2088  2087 
2088  2036  2037 
2037  2089  2088 
2089  2037  2038 
2038  2090  2089 
2090  2038  2039 
2039  2091  2090 
2091  2039  2040 
2041  2093  2092 
2093  2041  2042 
2042  2094  2093 
2094  2042  2043 
2043  2095  2094 
2095  2043  2044 
2044  2096  2095 
2096  2044  2045 
2045  2097  2096 
2097  2045  2046 
2046  2098  2097 
2098  2046  2047 
2047  2099  2098 
2099  2047  2048 
2048  2100  2099 
2100  2048  2049 
2049  2101  2100 
2101  2049  2050 
2050  2102  2101 
2102  2050  2051 
2051  2103  2102 
2103  2051  2052 
2052  2104  2103 
2104  2052  2053 
2053  2105  2104 
2105  2053  2054 
2054  2106  2105 
2106  2054  2055 
2055  2107  2106 
2107  2055  2056 
2056  2108  2107 
2108  2056  2057 
2057  2109  2108 
2109  2057  2058 
2058  2110  2109 
2110  2058  2059 
2059  2111  2110 
2111  2059  2060 
2060  2112  2111 
2112  2060  2061 
2061  2113  2112 
2113  2061  2062 
2062  2114  2113 
2114  2062  2063 
2063  2115  2114 
2115  2063  2064 
2064  2116  2115 
2116  2064  2065 
2065  2117  2116 
2117  2065  2066 
2066  2118  2117 
2118  2066  2067 
2067  2119  2118 
2119  2067  2068 
2068  2120  2119 
2120  2068  2069 
2069  2121  2120 
2121  2069  2070 
2070  2122  2121 
2122  2070  2071 
2071  2123  2122 
2123  2071  2072 
2072  2124  2123 
2124  2072  2073 
2073  2125  2124 
2125  2073  2074 
2074  2126  2125 
2126  2074  2075 
2075  2127  2126 
2127  2075  2076 
2076  2128  2127 
2128  2076  2077 
2077  2129  2128 
2129  2077  2078 
2078  2130  2129 
2130  2078  2079 
2079  2131  2130 
2131  2079  2080 
2080  2132  2131 
2132  2080  2081 
2081  2133  2132 
2133  2081  2082 
2082  2134  2133 
2134  2082  2083 
2083  2135  2134 
2135  2083  2084 
2084  2136  2135 
2136  2084  2085 
2085  2137  2136 
2137  2085  2086 
2086  2138  2137 
2138  2086  2087 
2087  2139  2138 
2139  2087  2088 
2088  2140  2139 
2140  2088  2089 
2089  2141  2140 
2141  2089  2090 
2090  2142  2141 
2142  2090  2091 
2092  2144  2143 
2144  2092  2093 
2093  2145  2144 
2145  2093  2094 
2094  2146  2145 
2146  2094  2095 
2095  2147  2146 
2147  2095  2096 
2096  2148  2147 
2148  2096  2097 
2097  2149  2148 
2149  2097  2098 
2098  2150  2149 
2150  2098  2099 
2099  2151  2150 
2151  2099  2100 
2100  2152  2151 
2152  2100  2101 
2101  2153  2152 
2153  2101  2102 
2102  2154  2153 
2154  2102  2103 
2103  2155  2154 
2155  2103  2104 
2104  2156  2155 
2156  2104  2105 
2105  2157  2156 
2157  2105  2106 
2106  2158  2157 
2158  2106  2107 
2107  2159  2158 
2159  2107  2108 
2108  2160  2159 
2160  2108  2109 
2109  2161  2160 
2161  2109  2110 
2110  2162  2161 
2162  2110  2111 
2111  2163  2162 
2163  2111  2112 
2112  2164  2163 
2164  2112  2113 
2113  2165  2164 
2165  2113  2114 
2114  2166  2165 
2166  2114  2115 
2115  2167  2166 
2167  2115  2116 
2116  2168  2167 
2168  2116  2117 
2117  2169  2168 
2169  2117  2118 
2118  2170  2169 
2170  2118  2119 
2119  2171  2170 
2171  2119  2120 
2120  2172  2171 
2172  2120  2121 
2121  2173  2172 
2173  2121  2122 
2122  2174  2173 
2174  2122  2123 
2123  2175  2174 
2175  2123  2124 
2124  2176  2175 
2176  2124  2125 
2125  2177  2176 
2177  2125  2126 
2126  2178  2177 
2178  2126  2127 
2127  2179  2178 
2179  2127  2128 
2128  2180  2179 
2180  2128  2129 
2129  2181  2180 
2181  2129  2130 
2130  2182  2181 
2182  2130  2131 
2131  2183  2182 
2183  2131  2132 
2132  2184  2183 
2184  2132  2133 
2133  2185  2184 
2185  2133  2134 
2134  2186  2185 
2186  2134  2135 
2135  2187  2186 
2187  2135  2136 
2136  2188  2187 
2188  2136  2137 
2137  2189  2188 
2189  2137  2138 
2138  2190  2189 
2190  2138  2139 
2139  2191  2190 
2191  2139  2140 
2140  2192  2191 
2192  2140  2141 
2141  2193  2192 
2193  2141  2142 
2143  2195  2194 
2195  2143  2144 
2144  2196  2195 
2196  2144  2145 
2145  2197  2196 
2197  2145  2146 
2146  2198  2197 
2198  2146  2147 
2147  2199  2198 
2199  2147  2148 
2148  2200  2199 
2200  2148  2149 
2149  2201  2200 
2201  2149  2150 
2150  2202  2201 
2202  2150  2151 
2151  2203  2202 
2203  2151  2152 
2152  2204  2203 
2204  2152  2153 
2153  2205  2204 
2205  2153  2154 
2154  2206  2205 
2206  2154  2155 
2155  2207  2206 
2207  2155  2156 
2156  2208  2207 
2208  2156  2157 
2157  2209  2208 
2209  2157  2158 
2158  2210  2209 
2210  2158  2159 
2159  2211  2210 
2211  2159  2160 
2160  2212  2211 
2212  2160  2161 
2161  2213  2212 
2213  2161  2162 
2162  2214  2213 
2214  2162  2163 
2163  2215  2214 
2215  2163  2164 
2164  2216  2215 
2216  2164  2165 
2165  2217  2216 
2217  2165  2166 
2166  2218  2217 
2218  2166  2167 
2167  2219  2218 
2219  2167  2168 
2168  2220  2219 
2220  2168  2169 
2169  2221  2220 
2221  2169  2170 
2170  2222  2221 
2222  2170  2171 
2171  2223  2222 
2223  2171  2172 
2172  2224  2223 
2224  2172  2173 
2173  2225  2224 
2225  2173  2174 
2174  2226  2225 
2226  2174  2175 
2175  2227  2226 
2227  2175  2176 
2176  2228  2227 
2228  2176  2177 
2177  2229  2228 
2229  2177  2178 
2178  2230  2229 
2230  2178  2179 
2179  2231  2230 
2231  2179  2180 
2180  2232  2231 
2232  2180  2181 
2181  2233  2232 
2233  2181  2182 
2182  2234  2233 
2234  2182  2183 
2183  2235  2234 
2235  2183  2184 
2184  2236  2235 
2236  2184  2185 
2185  2237  2236 
2237  2185  2186 
2186  2238  2237 
2238  2186  2187 
2187  2239  2238 
2239  2187  2188 
2188  2240  2239 
2240  2188  2189 
2189  2241  2240 
2241  2189  2190 
2190  2242  2241 
2242  2190  2191 
2191  2243  2242 
2243  2191  2192 
2192  2244  2243 
2244  2192  2193 
2194  2246  2245 
2246  2194  2195 
2195  2247  2246 
2247  2195  2196 
2196  2248  2247 
2248  2196  2197 
2197  2249  2248 
2249  2197  2198 
2198  2250  2249 
2250  2198  2199 
2199  2251  2250 
2251  2199  2200 
2200  2252  2251 
2252  2200  2201 
2201  2253  2252 
2253  2201  2202 
2202  2254  2253 
2254  2202  2203 
2203  2255  2254 
2255  2203  2204 
2204  2256  2255 
2256  2204  2205 
2205  2257  2256 
2257  2205  2206 
2206  2258  2257 
2258  2206  2207 
2207  2259  2258 
2259  2207  2208 
2208  2260  2259 
2260  2208  2209 
2209  2261  2260 
2261  2209  2210 
2210  2262  2261 
2262  2210  2211 
2211  2263  2262 
2263  2211  2212 
2212  2264  2263 
2264  2212  2213 
2213  2265  2264 
2265  2213  2214 
2214  2266  2265 
2266  2214  2215 
2215  2267  2266 
2267  2215  2216 
2216  2268  2267 
2268  2216  2217 
2217  2269  2268 
2269  2217  2218 
2218  2270  2269 
2270  2218  2219 
2219  2271  2270 
2271  2219  2220 
2220  2272  2271 
2272  2220  2221 
2221  2273  2272 
2273  2221  2222 
2222  2274  2273 
2274  2222  2223 
2223  2275  2274 
2275  2223  2224 
2224  2276  2275 
2276  2224  2225 
2225  2277  2276 
2277  2225  2226 
2226  2278  2277 
2278  2226  2227 
2227  2279  2278 
2279  2227  2228 
2228  2280  2279 
2280  2228  2229 
2229  2281  2280 
2281  2229  2230 
2230  2282  2281 
2282  2230  2231 
2231  2283  2282 
2283  2231  2232 
2232  2284  2283 
2284  2232  2233 
2233  2285  2284 
2285  2233  2234 
2234  2286  2285 
2286  2234  2235 
2235  2287  2286 
2287  2235  2236 
2236  2288  2287 
2288  2236  2237 
2237  2289  2288 
2289  2237  2238 
2238  2290  2289 
2290  2238  2239 
2239  2291  2290 
2291  2239  2240 
2240  2292  2291 
2292  2240  2241 
2241  2293  2292 
2293  2241  2242 
2242  2294  2293 
2294  2242  2243 
2243  2295  2294 
2295  2243  2244 
2245  2297  2296 
2297  2245  2246 
2246  2298  2297 
2298  2246  2247 
2247  2299  2298 
2299  2247  2248 
2248  2300  2299 
2300  2248  2249 
2249  2301  2300 
2301  2249  2250 
2250  2302  2301 
2302  2250  2251 
2251  2303  2302 
2303  2251  2252 
2252  2304  2303 
2304  2252  2253 
2253  2305  2304 
2305  2253  2254 
2254  2306  2305 
2306  2254  2255 
2255  2307  2306 
2307  2255  2256 
2256  2308  2307 
2308  2256  2257 
2257  2309  2308 
2309  2257  2258 
2258  2310  2309 
2310  2258  2259 
2259  2311  2310 
2311  2259  2260 
2260  2312  2311 
2312  2260  2261 
2261  2313  2312 
2313  2261  2262 
2262  2314  2313 
2314  2262  2263 
2263  2315  2314 
2315  2263  2264 
2264  2316  2315 
2316  2264  2265 
2265  2317  2316 
2317  2265  2266 
2266  2318  2317 
2318  2266  2267 
2267  2319  2318 
2319  2267  2268 
2268  2320  2319 
2320  2268  2269 
2269  2321  2320 
2321  2269  2270 
2270  2322  2321 
2322  2270  2271 
2271  2323  2322 
2323  2271  2272 
2272  2324  2323 
2324  2272  2273 
2273  2325  2324 
2325  2273  2274 
2274  2326  2325 
2326  2274  2275 
2275  2327  2326 
2327  2275  2276 
2276  2328  2327 
2328  2276  2277 
2277  2329  2328 
2329  2277  2278 
2278  2330  2329 
2330  2278  2279 
2279  2331  2330 
2331  2279  2280 
2280  2332  2331 
2332  2280  2281 
2281  2333  2332 
2333  2281  2282 
2282  2334  2333 
2334  2282  2283 
2283  2335  2334 
2335  2283  2284 
2284  2336  2335 
2336  2284  2285 
2285  2337  2336 
2337  2285  2286 
2286  2338  2337 
2338  2286  2287 
2287  2339  2338 
2339  2287  2288 
2288  2340  2339 
2340  2288  2289 
2289  2341  2340 
2341  2289  2290 
2290  2342  2341 
2342  2290  2291 
2291  2343  2342 
2343  2291  2292 
2292  2344  2343 
2344  2292  2293 
2293  2345  2344 
2345  2293  2294 
2294  2346  2345 
2346  2294  2295 
2296  2348  2347 
2348  2296  2297 
2297  2349  2348 
2349  2297  2298 
2298  2350  2349 
2350  2298  2299 
2299  2351  2350 
2351  2299  2300 
2300  2352  2351 
2352  2300  2301 
2301  2353  2352 
2353  2301  2302 
2302  2354  2353 
2354  2302  2303 
2303  2355  2354 
2355  2303  2304 
2304  2356  2355 
2356  2304  2305 
2305  2357  2356 
2357  2305  2306 
2306  2358  2357 
2358  2306  2307 
2307  2359  2358 
2359  2307  2308 
2308  2360  2359 
2360  2308  2309 
2309  2361  2360 
2361  2309  2310 
2310  2362  2361 
2362  2310  2311 
2311  2363  2362 
2363  2311  2312 
2312  2364  2363 
2364  2312  2313 
2313  2365  2364 
2365  2313  2314 
2314  2366  2365 
2366  2314  2315 
2315  2367  2366 
2367  2315  2316 
2316  2368  2367 
2368  2316  2317 
2317  2369  2368 
2369  2317  2318 
2318  2370  2369 
2370  2318  2319 
2319  2371  2370 
2371  2319  2320 
2320  2372  2371 
2372  2320  2321 
2321  2373  2372 
2373  2321  2322 
2322  2374  2373 
2374  2322  2323 
2323  2375  2374 
2375  2323  2324 
2324  2376  2375 
2376  2324  2325 
2325  2377  2376 
2377  2325  2326 
2326  2378  2377 
2378  2326  2327 
2327  2379  2378 
2379  2327  2328 
2328  2380  2379 
2380  2328  2329 
2329  2381  2380 
2381  2329  2330 
2330  2382  2381 
2382  2330  2331 
2331  2383  2382 
2383  2331  2332 
2332  2384  2383 
2384  2332  2333 
2333  2385  2384 
2385  2333  2334 
2334  2386  2385 
2386  2334  2335 
2335  2387  2386 
2387  2335  2336 
2336  2388  2387 
2388  2336  2337 
2337  2389  2388 
2389  2337  2338 
2338  2390  2389 
2390  2338  2339 
2339  2391  2390 
2391  2339  2340 
2340  2392  2391 
2392  2340  2341 
2341  2393  2392 
2393  2341  2342 
2342  2394  2393 
2394  2342  2343 
2343  2395  2394 
2395  2343  2344 
2344  2396  2395 
2396  2344  2345 
2345  2397  2396 
2397  2345  2346 
2347  2399  2398 
2399  2347  2348 
2348  2400  2399 
2400  2348  2349 
2349  2401  2400 
2401  2349  2350 
2350  2402  2401 
2402  2350  2351 
2351  2403  2402 
2403  2351  2352 
2352  2404  2403 
2404  2352  2353 
2353  2405  2404 
2405  2353  2354 
2354  2406  2405 
2406  2354  2355 
2355  2407  2406 
2407  2355  2356 
2356  2408  2407 
2408  2356  2357 
2357  2409  2408 
2409  2357  2358 
2358  2410  2409 
2410  2358  2359 
2359  2411  2410 
2411  2359  2360 
2360  2412  2411 
2412  2360  2361 
2361  2413  2412 
2413  2361  2362 
2362  2414  2413 
2414  2362  2363 
2363  2415  2414 
2415  2363  2364 
2364  2416  2415 
2416  2364  2365 
2365  2417  2416 
2417  2365  2366 
2366  2418  2417 
2418  2366  2367 
2367  2419  2418 
2419  2367  2368 
2368  2420  2419 
2420  2368  2369 
2369  2421  2420 
2421  2369  2370 
2370  2422  2421 
2422  2370  2371 
2371  2423  2422 
2423  2371  2372 
2372  2424  2423 
2424  2372  2373 
2373  2425  2424 
2425  2373  2374 
2374  2426  2425 
2426  2374  2375 
2375  2427  2426 
2427  2375  2376 
2376  2428  2427 
2428  2376  2377 
2377  2429  2428 
2429  2377  2378 
2378  2430  2429 
2430  2378  2379 
2379  2431  2430 
2431  2379  2380 
2380  2432  2431 
2432  2380  2381 
2381  2433  2432 
2433  2381  2382 
2382  2434  2433 
2434  2382  2383 
2383  2435  2434 
2435  2383  2384 
2384  2436  2435 
2436  2384  2385 
2385  2437  2436 
2437  2385  2386 
2386  2438  2437 
2438  2386  2387 
2387  2439  2438 
2439  2387  2388 
2388  2440  2439 
2440  2388  2389 
2389  2441  2440 
2441  2389  2390 
2390  2442  2441 
2442  2390  2391 
2391  2443  2442 
2443  2391  2392 
2392  2444  2443 
2444  2392  2393 
2393  2445  2444 
2445  2393  2394 
2394  2446  2445 
2446  2394  2395 
2395  2447  2446 
2447  2395  2396 
2396  2448  2447 
2448  2396  2397 
2398  2450  2449 
2450  2398  2399 
2399  2451  2450 
2451  2399  2400 
2400  2452  2451 
2452  2400  2401 
2401  2453  2452 
2453  2401  2402 
2402  2454  2453 
2454  2402  2403 
2403  2455  2454 
2455  2403  2404 
2404  2456  2455 
2456  2404  2405 
2405  2457  2456 
2457  2405  2406 
2406  2458  2457 
2458  2406  2407 
2407  2459  2458 
2459  2407  2408 
2408  2460  2459 
2460  2408  2409 
2409  2461  2460 
2461  2409  2410 
2410  2462  2461 
2462  2410  2411 
2411  2463  2462 
2463  2411  2412 
2412  2464  2463 
2464  2412  2413 
2413  2465  2464 
2465  2413  2414 
2414  2466  2465 
2466  2414  2415 
2415  2467  2466 
2467  2415  2416 
2416  2468  2467 
2468  2416  2417 
2417  2469  2468 
2469  2417  2418 
2418  2470  2469 
2470  2418  2419 
2419  2471  2470 
2471  2419  2420 
2420  2472  2471 
2472  2420  2421 
2421  2473  2472 
2473  2421  2422 
2422  2474  2473 
2474  2422  2423 
2423  2475  2474 
2475  2423  2424 
2424  2476  2475 
2476  2424  2425 
2425  2477  2476 
2477  2425  2426 
2426  2478  2477 
2478  2426  2427 
2427  2479  2478 
2479  2427  2428 
2428  2480  2479 
2480  2428  2429 
2429  2481  2480 
2481  2429  2430 
2430  2482  2481 
2482  2430  2431 
2431  2483  2482 
2483  2431  2432 
2432  2484  2483 
2484  2432  2433 
2433  2485  2484 
2485  2433  2434 
2434  2486  2485 
2486  2434  2435 
2435  2487  2486 
2487  2435  2436 
2436  2488  2487 
2488  2436  2437 
2437  2489  2488 
2489  2437  2438 
2438  2490  2489 
2490  2438  2439 
2439  2491  2490 
2491  2439  2440 
2440  2492  2491 
2492  2440  2441 
2441  2493  2492 
2493  2441  2442 
2442  2494  2493 
2494  2442  2443 
2443  2495  2494 
2495  2443  2444 
2444  2496  2495 
2496  2444  2445 
2445  2497  2496 
2497  2445  2446 
2446  2498  2497 
2498  2446  2447 
2447  2499  2498 
2499  2447  2448 
2449  2501  2500 
2501  2449  2450 
2450  2502  2501 
2502  2450  2451 
2451  2503  2502 
2503  2451  2452 
2452  2504  2503 
2504  2452  2453 
2453  2505  2504 
2505  2453  2454 
2454  2506  2505 
2506  2454  2455 
2455  2507  2506 
2507  2455  2456 
2456  2508  2507 
2508  2456  2457 
2457  2509  2508 
2509  2457  2458 
2458  2510  2509 
2510  2458  2459 
2459  2511  2510 
2511  2459  2460 
2460  2512  2511 
2512  2460  2461 
2461  2513  2512 
2513  2461  2462 
2462  2514  2513 
2514  2462  2463 
2463  2515  2514 
2515  2463  2464 
2464  2516  2515 
2516  2464  2465 
2465  2517  2516 
2517  2465  2466 
2466  2518  2517 
2518  2466  2467 
2467  2519  2518 
2519  2467  2468 
2468  2520  2519 
2520  2468  2469 
2469  2521  2520 
2521  2469  2470 
2470  2522  2521 
2522  2470  2471 
2471  2523  2522 
2523  2471  2472 
2472  2524  2523 
2524  2472  2473 
2473  2525  2524 
2525  2473  2474 
2474  2526  2525 
2526  2474  2475 
2475  2527  2526 
2527  2475  2476 
2476  2528  2527 
2528  2476  2477 
2477  2529  2528 
2529  2477  2478 
2478  2530  2529 
2530  2478  2479 
2479  2531  2530 
2531  2479  2480 
2480  2532  2531 
2532  2480  2481 
2481  2533  2532 
2533  2481  2482 
2482  2534  2533 
2534  2482  2483 
2483  2535  2534 
2535  2483  2484 
2484  2536  2535 
2536  2484  2485 
2485  2537  2536 
2537  2485  2486 
2486  2538  2537 
2538  2486  2487 
2487  2539  2538 
2539  2487  2488 
2488  2540  2539 
2540  2488  2489 
2489  2541  2540 
2541  2489  2490 
2490  2542  2541 
2542  2490  2491 
2491  2543  2542 
2543  2491  2492 
2492  2544  2543 
2544  2492  2493 
2493  2545  2544 
2545  2493  2494 
2494  2546  2545 
2546  2494  2495 
2495  2547  2546 
2547  2495  2496 
2496  2548  2547 
2548  2496  2497 
2497  2549  2548 
2549  2497  2498 
2498  2550  2549 
2550  2498  2499 
2500  2552  2551 
2552  2500  2501 
2501  2553  2552 
2553  2501  2502 
2502  2554  2553 
2554  2502  2503 
2503  2555  2554 
2555  2503  2504 
2504  2556  2555 
2556  2504  2505 
2505  2557  2556 
2557  2505  2506 
2506  2558  2557 
2558  2506  2507 
2507  2559  2558 
2559  2507  2508 
2508  2560  2559 
2560  2508  2509 
2509  2561  2560 
2561  2509  2510 
2510  2562  2561 
2562  2510  2511 
2511  2563  2562 
2563  2511  2512 
2512  2564  2563 
2564  2512  2513 
2513  2565  2564 
2565  2513  2514 
2514  2566  2565 
2566  2514  2515 
2515  2567  2566 
2567  2515  2516 
2516  2568  2567 
2568  2516  2517 
2517  2569  2568 
2569  2517  2518 
2518  2570  2569 
2570  2518  2519 
2519  2571  2570 
2571  2519  2520 
2520  2572  2571 
2572  2520  2521 
2521  2573  2572 
2573  2521  2522 
2522  2574  2573 
2574  2522  2523 
2523  2575  2574 
2575  2523  2524 
2524  2576  2575 
2576  2524  2525 
2525  2577  2576 
2577  2525  2526 
2526  2578  2577 
2578  2526  2527 
2527  2579  2578 
2579  2527  2528 
2528  2580  2579 
2580  2528  2529 
2529  2581  2580 
2581  2529  2530 
2530  2582  2581 
2582  2530  2531 
2531  2583  2582 
2583  2531  2532 
2532  2584  2583 
2584  2532  2533 
2533  2585  2584 
2585  2533  2534 
2534  2586  2585 
2586  2534  2535 
2535  2587  2586 
2587  2535  2536 
2536  2588  2587 
2588  2536  2537 
2537  2589  2588 
2589  2537  2538 
2538  2590  2589 
2590  2538  2539 
2539  2591  2590 
2591  2539  2540 
2540  2592  2591 
2592  2540  2541 
2541  2593  2592 
2593  2541  2542 
2542  2594  2593 
2594  2542  2543 
2543  2595  2594 
2595  2543  2544 
2544  2596  2595 
2596  2544  2545 
2545  2597  2596 
2597  2545  2546 
2546  2598  2597 
2598  2546  2547 
2547  2599  2598 
2599  2547  2548 
2548  2600  2599 
2600  2548  2549 
2549  2601  2600 
2601  2549  2550 
